a12	a21	T12	2sigma error in T12	T13	2sigma error in T13
0.000000000000000000e+00 2.000000000000000111e-01 1.032367809976847753e-02 1.436969051698049559e-04 5.800331304600337724e-03 1.611662281316576838e-04
4.000000000000000083e-02 2.000000000000000111e-01 1.028417850314336870e-02 2.389429717505912529e-04 6.512429158239876198e-03 2.125230625029138126e-04
8.000000000000000167e-02 2.000000000000000111e-01 9.950352587460901954e-03 1.774191525935400477e-04 7.307167357985390292e-03 1.797248498931709791e-04
1.199999999999999956e-01 2.000000000000000111e-01 1.006773784485400988e-02 2.328891193863995691e-04 8.707114055934606078e-03 2.772111738760570251e-04
1.600000000000000033e-01 2.000000000000000111e-01 9.948918610540679816e-03 2.339438184973344638e-04 9.488623912496144466e-03 2.254940059495040387e-04
2.000000000000000111e-01 2.000000000000000111e-01 9.928954113140008031e-03 1.931699974944820939e-04 1.090241341081996454e-02 2.045316847432474114e-04
2.399999999999999911e-01 2.000000000000000111e-01 1.053696504665424874e-02 2.040527013298547906e-04 1.261518435461872478e-02 1.880758336705054903e-04
2.800000000000000266e-01 2.000000000000000111e-01 9.965288360256608496e-03 2.149332209104671079e-04 1.354066903082478367e-02 2.232177572735367390e-04
3.200000000000000067e-01 2.000000000000000111e-01 1.021382106715428527e-02 1.743978516043712406e-04 1.529374581217183594e-02 2.721698606608119898e-04
3.599999999999999867e-01 2.000000000000000111e-01 1.025139246117390615e-02 2.177971489714042655e-04 1.758457191442393264e-02 2.364454725102821256e-04
4.000000000000000222e-01 2.000000000000000111e-01 1.013644254564238963e-02 2.305593679402091430e-04 1.921851960944781154e-02 2.993764536592773140e-04
