First column is the downsampling rate, second and third columns are transfer entropy rate estimates with 2*stdev errors
   4.99000000e+02  4.05315040e-03  1.33909420e-03 
   3.60000000e+02  6.85381046e-03  1.89104172e-03 
   2.59000000e+02  1.10918908e-02  2.02250382e-03 
   1.87000000e+02  1.54511954e-02  2.36794134e-03 
   1.35000000e+02  1.91157484e-02  3.02576381e-03 
   1.00000000e+02  2.43047365e-02  3.26479944e-03
   9.70000000e+01  2.47922011e-02  3.32540712e-03 
   7.00000000e+01  2.48847254e-02  3.93211080e-03 
   5.00000000e+01  3.08368630e-02  5.34264664e-03 
   3.60000000e+01  3.17595734e-02  6.89505660e-03 
   2.60000000e+01  2.80293325e-02  6.30755849e-03 
   1.80000000e+01  2.76999010e-02  7.89023785e-03 
   1.30000000e+01  2.78853280e-02  7.54086597e-03 
   9.00000000e+00  1.95389405e-02  1.13100330e-02 
   7.00000000e+00  7.63892845e-03  1.46651915e-02 
   5.00000000e+00  1.71646482e-02  1.41863998e-02 
   3.00000000e+00 -2.09064696e-02  1.83807350e-02 
   2.00000000e+00 -3.60281786e-02  2.29268530e-02 
   1.00000000e+00 -1.81460660e-01  2.62023147e-02  
