First column is the effective k taking into account downsampling rate 100, second and third columns are transfer entropy rate estimates with 2*stdev errors
Last row last element is the CPU hours cost
  1.00000000e+02 3.16441006e-02 1.17937121e-03 
  9.00000000e+02 2.25819619e-02 5.19197869e-04 
  1.80000000e+03 2.13963927e-02 5.00387130e-04 
  2.70000000e+03 2.17014472e-02 4.58452759e-04 
  3.60000000e+03 2.22484267e-02 4.17710789e-04 
  4.40000000e+03 2.26134282e-02 3.41282134e-04 
  5.30000000e+03 2.27594326e-02 3.31817013e-04 
  6.20000000e+03 2.25883087e-02 3.70344932e-04 
  7.10000000e+03 2.27408934e-02 3.63956659e-04 
  8.00000000e+03 2.27091056e-02 2.83851772e-04  
  1.00000000e+02 3.14592143e-02 8.81896086e-04 
  9.00000000e+02 2.27674647e-02 5.03660755e-04 
  1.80000000e+03 2.13881415e-02 4.72673282e-04 
  2.70000000e+03 2.13476201e-02 4.13310775e-04 
  3.60000000e+03 2.18197694e-02 4.19715909e-04 
  4.40000000e+03 2.24134387e-02 2.78762129e-04 
  5.30000000e+03 2.22813288e-02 2.60996950e-04 
  6.20000000e+03 2.24421914e-02 3.27399667e-04 
  7.10000000e+03 2.27420844e-02 2.71408215e-04 
  8.00000000e+03 2.27613527e-02 2.58992514e-04  
  1.00000000e+02 3.24103391e-02 6.06008468e-04 
  9.00000000e+02 2.35037323e-02 3.78977472e-04 
  1.80000000e+03 2.13106692e-02 3.23030680e-04 
  2.70000000e+03 2.12723159e-02 2.71702378e-04 
  3.60000000e+03 2.15641414e-02 2.64750316e-04 
  4.40000000e+03 2.16590358e-02 2.57986773e-04 
  5.30000000e+03 2.19741868e-02 2.01809900e-04 
  6.20000000e+03 2.21622484e-02 2.26890551e-04 
  7.10000000e+03 2.24842581e-02 2.31903464e-04 
  8.00000000e+03 2.25295323e-02 1.89188494e-04  
  1.00000000e+02 3.26041023e-02 1.42223704e-03 
  9.00000000e+02 2.38728046e-02 7.29005067e-04 
  1.80000000e+03 2.12793462e-02 6.76276241e-04 
  2.70000000e+03 2.10113344e-02 6.00635504e-04 
  3.60000000e+03 2.11931699e-02 5.77210183e-04 
  4.40000000e+03 2.12742610e-02 4.58564000e-04 
  5.30000000e+03 2.15530812e-02 4.16606178e-04 
  6.20000000e+03 2.19715302e-02 4.83958588e-04 
  7.10000000e+03 2.23991161e-02 4.54372502e-04 
  8.00000000e+03 2.24870953e-02 3.82301775e-04  
0	0	71.50336388888888
