First column is the effective k taking into account downsampling rate 50, second and third columns are transfer entropy rate estimates with 2*stdev errors
Last row last element is the CPU hours cost
  5.00000000e+01 4.16639614e-02 1.49862060e-03 
  9.00000000e+02 4.39956909e-02 1.17397966e-03 
  1.80000000e+03 6.48810744e-02 1.09652438e-03 
  2.70000000e+03 6.91578155e-02 7.58099280e-04 
  3.55000000e+03 6.56704741e-02 5.75470866e-04 
  4.45000000e+03 6.05085030e-02 6.54642692e-04 
  5.35000000e+03 5.49907820e-02 4.91947176e-04 
  6.20000000e+03 5.01401544e-02 4.62570890e-04 
  7.10000000e+03 4.54956278e-02 3.46427849e-04 
  8.00000000e+03 4.04596255e-02 3.25333775e-04  
  5.00000000e+01 4.09134001e-02 1.51693072e-03 
  9.00000000e+02 4.06983532e-02 9.12417695e-04 
  1.80000000e+03 6.27564946e-02 8.09405813e-04 
  2.70000000e+03 6.85705004e-02 5.56811761e-04 
  3.55000000e+03 6.65629923e-02 5.37556650e-04 
  4.45000000e+03 6.18965851e-02 6.08090079e-04 
  5.35000000e+03 5.70805007e-02 3.83423411e-04 
  6.20000000e+03 5.22197437e-02 3.79232550e-04 
  7.10000000e+03 4.76450052e-02 3.06911227e-04 
  8.00000000e+03 4.31102937e-02 2.75139247e-04  
  5.00000000e+01 4.02621253e-02 8.80921535e-04 
  9.00000000e+02 3.67506828e-02 5.06180562e-04 
  1.80000000e+03 5.92329235e-02 4.69041286e-04 
  2.70000000e+03 6.73166999e-02 5.17925510e-04 
  3.55000000e+03 6.70874084e-02 4.69975062e-04 
  4.45000000e+03 6.35965855e-02 4.09746604e-04 
  5.35000000e+03 5.96272255e-02 3.11281156e-04 
  6.20000000e+03 5.50129090e-02 3.11503058e-04 
  7.10000000e+03 5.07946487e-02 3.11420700e-04 
  8.00000000e+03 4.67203951e-02 2.10689066e-04  
  5.00000000e+01 3.95446806e-02 2.05189476e-03 
  9.00000000e+02 3.32366859e-02 1.39885245e-03 
  1.80000000e+03 5.66421124e-02 1.29189159e-03 
  2.70000000e+03 6.65072570e-02 9.58023955e-04 
  3.55000000e+03 6.78572067e-02 8.16684787e-04 
  4.45000000e+03 6.50885897e-02 8.74932429e-04 
  5.35000000e+03 6.18692036e-02 6.22164678e-04 
  6.20000000e+03 5.73302753e-02 6.05352855e-04 
  7.10000000e+03 5.32773576e-02 5.09239332e-04 
  8.00000000e+03 4.96907691e-02 4.36849994e-04  
0	0	101.81756944444444
