time    transfer entropy        2sigma error
9.200000000000001362e-05 3.845937352874765347e-01 5.195981457555530758e-01
9.209200000000000719e-02 3.101813056157496154e-02 2.527302793230347747e-02
1.840920000000000056e-01 2.731235169449060599e-02 1.544612161513415037e-02
2.760920000000000596e-01 1.948702558583725181e-02 9.911852863237383127e-03
3.680920000000000303e-01 1.469558529072164527e-02 7.361721573762678751e-03
4.600920000000000010e-01 1.416435565794084070e-02 5.050885330800095399e-03
5.520920000000001382e-01 1.050640738890018695e-02 4.336052847549731748e-03
6.440920000000001089e-01 8.973234357734085481e-03 3.888911151813293811e-03
7.360920000000000796e-01 7.338664957632982412e-03 3.751913075941494362e-03
8.280920000000000503e-01 6.597207153292984974e-03 4.521400922419730080e-03
9.200920000000000210e-01 6.991447600472039739e-03 5.174119931936737443e-03
1.012092000000000214e+00 7.888063478413856119e-03 4.122791515914119367e-03
1.104092000000000295e+00 7.394453752602577964e-03 4.391431286754046183e-03
1.196092000000000155e+00 7.490718687944775307e-03 4.779573326070737753e-03
1.288092000000000237e+00 8.153515900634098618e-03 4.223458817632447238e-03
1.380092000000000096e+00 7.692246072880149638e-03 4.352918633492062518e-03
1.472092000000000178e+00 7.793427907533702174e-03 4.211121065776674000e-03
1.564092000000000260e+00 7.085342997829896516e-03 4.370468473668604956e-03
1.656092000000000120e+00 6.692268950197376859e-03 4.599405964493334144e-03
1.748092000000000201e+00 4.913411833858538982e-03 4.591046097029057201e-03
1.840092000000000283e+00 5.599342506630843389e-03 4.943920535044761186e-03
1.932092000000000365e+00 5.763499268424392141e-03 4.690385471917824303e-03
2.024092000000000002e+00 5.931025292670080371e-03 4.686994854948422704e-03
2.116092000000000084e+00 5.662673592399213897e-03 4.713436482964791091e-03
2.208092000000000166e+00 5.231979781206762790e-03 4.444611078780139751e-03
2.300092000000000247e+00 4.520630394838544980e-03 4.356144784381701246e-03
2.392092000000000329e+00 6.047183029584437576e-03 4.053557674569907045e-03
2.484091999999999967e+00 5.595996249552630947e-03 3.609597694990980977e-03
2.576092000000000048e+00 5.283553077290136825e-03 3.762345005868998702e-03
2.668092000000000130e+00 4.939378770835018556e-03 3.619083839068135220e-03
2.760092000000000212e+00 4.990943256245036763e-03 3.700403230288556132e-03
2.852092000000000294e+00 5.161583684540589981e-03 3.560005681256412594e-03
2.944091999999999931e+00 5.076179689675367271e-03 3.623603817408676750e-03
3.036092000000000013e+00 5.462133176768088107e-03 3.531747374568250560e-03
3.128092000000000095e+00 5.278763595494972462e-03 3.787940107785823726e-03
3.220092000000000176e+00 5.758563310409996715e-03 3.657575657276860258e-03
3.312092000000000258e+00 5.536225734142869413e-03 3.578341925621008734e-03
3.404092000000000340e+00 5.662113066857631279e-03 3.344961311731854334e-03
3.496091999999999977e+00 5.651501377103069872e-03 3.309288976223653637e-03
3.588092000000000059e+00 6.066765070429810426e-03 3.360938051170341348e-03
3.680092000000000141e+00 6.177261254832817038e-03 3.501915076150589716e-03
3.772092000000000223e+00 6.675634794239513302e-03 3.476825265233280445e-03
3.864092000000000304e+00 6.686815190544756655e-03 3.377071998463809614e-03
3.956092000000000830e+00 6.975505744729562640e-03 3.416955989121568671e-03
4.048092000000000468e+00 7.566433024677439792e-03 3.367350475114079447e-03
4.140092000000000994e+00 7.386554554846224557e-03 3.192569589569505765e-03
4.232092000000000631e+00 7.024594490712103220e-03 3.177154875463447138e-03
4.324092000000000269e+00 7.001657724436211212e-03 3.246082289763431092e-03
4.416092000000000795e+00 7.563062627399625044e-03 2.977804933897703222e-03
4.508092000000000432e+00 7.377697092059788513e-03 3.084620833498186859e-03
4.600092000000000958e+00 7.614329837166382633e-03 3.363889877451673501e-03
4.692092000000000596e+00 7.739350253107760320e-03 3.366835760271974162e-03
4.784092000000000233e+00 7.854796842780892643e-03 3.378495449671240370e-03
4.876092000000000759e+00 7.770200924480613267e-03 3.478521737632060077e-03
4.968092000000000397e+00 7.510390148008701250e-03 3.543298524341232606e-03
5.060092000000000922e+00 7.258105484845265437e-03 3.604607996370393867e-03
5.152092000000000560e+00 7.674874157009172089e-03 3.601101976465703215e-03
5.244092000000000198e+00 7.422938120550544826e-03 3.592283078743012913e-03
5.336092000000000724e+00 7.722564795968920454e-03 3.506199338936371365e-03
5.428092000000000361e+00 7.488714782044443574e-03 3.272005787000911194e-03
5.520092000000000887e+00 7.356543611268102217e-03 3.379693747340538432e-03
5.612092000000000525e+00 7.357663152747855560e-03 3.321590207991290990e-03
5.704092000000000162e+00 7.397140666676401549e-03 3.383392503015452465e-03
5.796092000000000688e+00 7.406223307278339031e-03 3.296384099577357070e-03
5.888092000000000326e+00 7.376937887462874967e-03 3.276377641686334732e-03
5.980092000000000851e+00 7.741544971260923627e-03 3.403794214665112859e-03
6.072092000000000489e+00 7.862183501128940447e-03 3.353926922470511131e-03
6.164092000000000127e+00 7.695501350289411617e-03 3.351550170391542037e-03
6.256092000000000652e+00 7.576237317370447186e-03 3.495147971134138047e-03
6.348092000000000290e+00 7.776599951613337967e-03 3.372979522972248748e-03
6.440092000000000816e+00 7.730558461318606800e-03 3.238947784750750760e-03
6.532092000000000453e+00 8.014574465673367926e-03 3.247734115747771995e-03
6.624092000000000091e+00 7.970399876213965507e-03 3.161567803581466236e-03
6.716092000000000617e+00 8.113891486715941667e-03 3.012812614643926596e-03
6.808092000000000255e+00 8.028593616444324940e-03 3.042133092771475648e-03
6.900092000000000780e+00 8.347881118481061472e-03 2.934735229379554361e-03
6.992092000000000418e+00 8.392875214200871611e-03 2.860205127366395855e-03
7.084092000000000056e+00 8.453538923815766964e-03 3.043289768301496879e-03
7.176092000000000581e+00 8.441144865699060432e-03 3.093559090662952905e-03
7.268092000000000219e+00 8.451237034642214777e-03 3.017004857497333336e-03
