time    transfer entropy        2sigma error
9.200000000000001362e-05 4.964230234799850150e-01 1.414259234504900986e+00
9.209200000000000719e-02 3.830413118471927975e-02 5.116356199141872119e-02
1.840920000000000056e-01 6.895083247590667874e-02 4.636358046721490017e-02
2.760920000000000596e-01 7.852603243649503018e-02 2.322046571843809984e-02
3.680920000000000303e-01 6.297378520560012460e-02 2.080179929765068117e-02
4.600920000000000010e-01 6.047043665613861113e-02 1.555373510327215034e-02
5.520920000000001382e-01 5.855122142666775026e-02 1.184237808159946045e-02
6.440920000000001089e-01 5.180779869341883836e-02 1.552075652691499615e-02
7.360920000000000796e-01 5.128792477085639123e-02 1.254731156568183320e-02
8.280920000000000503e-01 4.527420703939675356e-02 1.278388733702277326e-02
9.200920000000000210e-01 5.071943431707020417e-02 1.241479506287769367e-02
1.012092000000000214e+00 5.171294963825875945e-02 1.285726320675483446e-02
1.104092000000000295e+00 4.746729753236404725e-02 1.256478235823493481e-02
1.196092000000000155e+00 4.385898672811067156e-02 1.441394135026635888e-02
1.288092000000000237e+00 4.253752272040706162e-02 1.391542406173598354e-02
1.380092000000000096e+00 4.272518034121383645e-02 1.552491149473041523e-02
1.472092000000000178e+00 4.363409546256593469e-02 1.559484254049290849e-02
1.564092000000000260e+00 4.367117277444725054e-02 1.346864921233906567e-02
1.656092000000000120e+00 4.443711815739839754e-02 1.270225548688996148e-02
1.748092000000000201e+00 4.467207981017510404e-02 1.282021465065598907e-02
1.840092000000000283e+00 4.567675825269046364e-02 1.268377602422492492e-02
1.932092000000000365e+00 4.901503709531110364e-02 1.129530275533214417e-02
2.024092000000000002e+00 4.868278090262503216e-02 1.120559150708883012e-02
2.116092000000000084e+00 4.883113565492246816e-02 1.001129049625921162e-02
2.208092000000000166e+00 4.899705596115638828e-02 9.683421385527742759e-03
2.300092000000000247e+00 4.882532604961330874e-02 1.090462888992922881e-02
2.392092000000000329e+00 4.833929258690849995e-02 1.109046826637827624e-02
2.484091999999999967e+00 4.888766105558483427e-02 1.062923150488061415e-02
2.576092000000000048e+00 4.955439429479095020e-02 9.668695160454723880e-03
2.668092000000000130e+00 4.892126805220230190e-02 9.954666787026450123e-03
2.760092000000000212e+00 4.832072331593033343e-02 9.255019547843499478e-03
2.852092000000000294e+00 4.933103044284297550e-02 8.617765436188298475e-03
2.944091999999999931e+00 4.895066670809591208e-02 9.063024082010109894e-03
3.036092000000000013e+00 4.918176869475827245e-02 9.049929105658197429e-03
3.128092000000000095e+00 4.992141785003812587e-02 9.200618832538897882e-03
3.220092000000000176e+00 4.922748319038231651e-02 9.441738227680350135e-03
3.312092000000000258e+00 4.992614467898264657e-02 9.215496983205465065e-03
3.404092000000000340e+00 4.890917660270203277e-02 9.284646038605163035e-03
3.496091999999999977e+00 4.911099016234422854e-02 9.134790287279851220e-03
3.588092000000000059e+00 4.923528831063240380e-02 8.389631339661677081e-03
3.680092000000000141e+00 4.993066084470089427e-02 8.434723989799539079e-03
3.772092000000000223e+00 4.997665578996111913e-02 7.706197478848023433e-03
3.864092000000000304e+00 4.999731041658274366e-02 7.476363706233071782e-03
3.956092000000000830e+00 4.896071179652138755e-02 7.857546315028180600e-03
4.048092000000000468e+00 5.049855271632958803e-02 8.023452361093608501e-03
4.140092000000000994e+00 5.033410043433155651e-02 8.042051812654103446e-03
4.232092000000000631e+00 5.028917398416613005e-02 7.878431700081454589e-03
4.324092000000000269e+00 5.014552838866698226e-02 8.133867396968034319e-03
4.416092000000000795e+00 5.105164716926616914e-02 7.932364551895103311e-03
4.508092000000000432e+00 5.055186566859265485e-02 7.873630334205830930e-03
4.600092000000000958e+00 5.096903768168761090e-02 7.764575409361569938e-03
4.692092000000000596e+00 5.046491885504614250e-02 7.423123673884110194e-03
4.784092000000000233e+00 5.058214675389195031e-02 7.312242036081616908e-03
4.876092000000000759e+00 4.987301202492178814e-02 7.739276101929015370e-03
4.968092000000000397e+00 5.041181202908515124e-02 7.571409695999191738e-03
5.060092000000000922e+00 4.988178680453306257e-02 7.543206938457229678e-03
5.152092000000000560e+00 4.941195578064471600e-02 7.387742569570836769e-03
5.244092000000000198e+00 4.985579255986767599e-02 7.117187579232243412e-03
5.336092000000000724e+00 5.002295841859597664e-02 6.396366253248171249e-03
5.428092000000000361e+00 4.976137943606714908e-02 6.825096565491232080e-03
5.520092000000000887e+00 4.971613853058901022e-02 6.623574165858652461e-03
5.612092000000000525e+00 5.029287481124349035e-02 6.492092201459623811e-03
5.704092000000000162e+00 5.129957415316464819e-02 6.500554027540400917e-03
5.796092000000000688e+00 5.132407528358551990e-02 6.356705383253043705e-03
5.888092000000000326e+00 5.154557542292037553e-02 6.205696071071887220e-03
5.980092000000000851e+00 5.204540820859121508e-02 6.494055247189296255e-03
6.072092000000000489e+00 5.243903485042571144e-02 6.195306014503578276e-03
6.164092000000000127e+00 5.163002407800940108e-02 6.572649922862445170e-03
6.256092000000000652e+00 5.212030561119355976e-02 6.991028018500329566e-03
6.348092000000000290e+00 5.307220129069867287e-02 6.778997994471089826e-03
6.440092000000000816e+00 5.323648544330301241e-02 6.411387223753376233e-03
6.532092000000000453e+00 5.281714865626411376e-02 6.440950209580117991e-03
6.624092000000000091e+00 5.308086834157745015e-02 6.224037091090608119e-03
6.716092000000000617e+00 5.267796148554326069e-02 5.947143196772051998e-03
6.808092000000000255e+00 5.280394246233314354e-02 5.974585804990703575e-03
6.900092000000000780e+00 5.256328937542483620e-02 5.722104730807372509e-03
6.992092000000000418e+00 5.208694846941683276e-02 5.883547695968801942e-03
7.084092000000000056e+00 5.221928669934364914e-02 6.139597489098026079e-03
7.176092000000000581e+00 5.224350317012819295e-02 6.012300631342270933e-03
7.268092000000000219e+00 5.232941764106421867e-02 5.449416119850952409e-03
