time    transfer entropy        2sigma error
1.000000000000000021e-02 1.049783556933674838e-05 1.089362740831377324e-01
5.100000000000000089e-01 6.836270021456506904e-03 8.675200623423817009e-03
1.010000000000000009e+00 1.043255297567064269e-02 5.810971869914039953e-03
1.510000000000000009e+00 8.060252637974746337e-03 4.849312007183355193e-03
2.010000000000000231e+00 8.621193440550683693e-03 4.909961636230903044e-03
2.510000000000000231e+00 1.039882455311519523e-02 5.120064408516765246e-03
3.010000000000000231e+00 1.054406738782611395e-02 5.248616781495370372e-03
3.510000000000000231e+00 1.113417630291484682e-02 4.276570813312320640e-03
4.009999999999999787e+00 1.117084324128195250e-02 4.065214715721294017e-03
4.509999999999999787e+00 1.137440554444247784e-02 4.029925558789361310e-03
5.009999999999999787e+00 1.128607655445645723e-02 3.006615865722294008e-03
5.509999999999999787e+00 1.164907316844476619e-02 3.420768099329705731e-03
6.009999999999999787e+00 1.113790246226686355e-02 3.048539918750437991e-03
6.509999999999999787e+00 1.090309991156123912e-02 2.912022464123138581e-03
7.009999999999999787e+00 1.120326860042534199e-02 3.140832482426692430e-03
7.509999999999999787e+00 1.104758460365280054e-02 3.237914545948786336e-03
8.009999999999999787e+00 1.058509461893177364e-02 3.082622819623002421e-03
8.509999999999999787e+00 9.844260133757625278e-03 2.565006284287242935e-03
9.009999999999999787e+00 1.003913668918906925e-02 2.329873427704327350e-03
9.509999999999999787e+00 9.727665450275464407e-03 2.395317057160728513e-03
1.000999999999999979e+01 9.991127258565586297e-03 2.470205174987221818e-03
1.050999999999999979e+01 9.774405349808159768e-03 2.670282960247700316e-03
1.100999999999999979e+01 9.775524457792839073e-03 2.609488024102127064e-03
1.150999999999999979e+01 9.863626439634553059e-03 2.498912368005262816e-03
1.200999999999999979e+01 1.004305145236811941e-02 2.155507670295070399e-03
1.250999999999999979e+01 1.006958512928434087e-02 2.027731959267061249e-03
1.300999999999999979e+01 9.961076726589471880e-03 1.690795742524328410e-03
1.350999999999999979e+01 1.011106680269888668e-02 1.814320541679126592e-03
1.400999999999999979e+01 9.841893699558675740e-03 1.709921467643404133e-03
1.450999999999999979e+01 9.848542218772213946e-03 1.798269184270307255e-03
1.500999999999999979e+01 9.642284531950155030e-03 1.604750693509747949e-03
1.550999999999999979e+01 9.540212716680923979e-03 1.721466782101867049e-03
1.601000000000000156e+01 9.476711632712507896e-03 1.792762866079787793e-03
1.651000000000000156e+01 9.623419929447729962e-03 1.845464542062634364e-03
1.701000000000000156e+01 9.745070968426307670e-03 2.025937311252870490e-03
1.751000000000000156e+01 9.869856040866398575e-03 2.144101993175810076e-03
1.801000000000000156e+01 9.849889252355114796e-03 2.009045332748701090e-03
1.851000000000000156e+01 9.833758100101784236e-03 1.922909548398645712e-03
1.901000000000000156e+01 1.011303962147087204e-02 1.859543814311306930e-03
1.951000000000000156e+01 1.029147043811371592e-02 1.761879638382941177e-03
2.001000000000000156e+01 1.042389945193279190e-02 1.667819983659722324e-03
2.051000000000000156e+01 1.005703279735316140e-02 1.752331427342004649e-03
2.101000000000000156e+01 9.972306723884426585e-03 1.635841945562554545e-03
2.151000000000000156e+01 9.892785395835785450e-03 1.630663992566233492e-03
2.201000000000000156e+01 9.891299404800537806e-03 1.840783003769631658e-03
2.251000000000000156e+01 9.897901900296820349e-03 1.867055017983141295e-03
2.301000000000000156e+01 9.990046814699241051e-03 1.640658132566580893e-03
2.351000000000000156e+01 1.023390704682668531e-02 1.558172152802854166e-03
2.401000000000000156e+01 1.010881335217305409e-02 1.479764410650961969e-03
2.451000000000000156e+01 1.009495847926040156e-02 1.481927365665222131e-03
2.501000000000000156e+01 1.004023421383146673e-02 1.616719222895220045e-03
2.551000000000000156e+01 9.914354747653508770e-03 1.674386569713063114e-03
2.601000000000000156e+01 9.849057436555432032e-03 1.623054610510250070e-03
2.651000000000000156e+01 9.929412168745689604e-03 1.484216257238255661e-03
2.701000000000000156e+01 1.000981465672507419e-02 1.462391120294019922e-03
2.751000000000000156e+01 1.006740234368272945e-02 1.514802885879818492e-03
2.801000000000000156e+01 1.009761484649002172e-02 1.555722692878860457e-03
2.851000000000000156e+01 1.013785104395374670e-02 1.466669709430962849e-03
2.901000000000000156e+01 1.009052871536519728e-02 1.532785968234509763e-03
2.951000000000000156e+01 9.943679389967385179e-03 1.504188918236754914e-03
3.001000000000000156e+01 1.011924671865072067e-02 1.530135323550330800e-03
3.051000000000000156e+01 1.009707135204133445e-02 1.531848917616548652e-03
3.101000000000000156e+01 9.949954183993685308e-03 1.344078700182753426e-03
3.151000000000000156e+01 1.001892546672576885e-02 1.178044170651904770e-03
3.200999999999999801e+01 9.986989973723981590e-03 1.124258474069397395e-03
3.250999999999999801e+01 1.022752138789470924e-02 1.146999676679717577e-03
3.300999999999999801e+01 1.014563657212625911e-02 1.105971030955831946e-03
3.350999999999999801e+01 1.007238425699548759e-02 1.135810328283182007e-03
3.400999999999999801e+01 1.008192204485166242e-02 1.126293767897846437e-03
3.450999999999999801e+01 1.024461855316386935e-02 1.044388352908791427e-03
3.500999999999999801e+01 1.050409337108344603e-02 1.115328283333648276e-03
3.550999999999999801e+01 1.046914195588752837e-02 1.180795085840474160e-03
3.600999999999999801e+01 1.038060777093465469e-02 1.147108818017863498e-03
3.650999999999999801e+01 1.051978050674820704e-02 1.183547624392126399e-03
3.700999999999999801e+01 1.045724886132707969e-02 1.187244908397876511e-03
3.750999999999999801e+01 1.028824917081444003e-02 1.172112712400084997e-03
3.800999999999999801e+01 1.029315174398245068e-02 1.243196114285443753e-03
3.850999999999999801e+01 1.018010656804957739e-02 1.135000022398764425e-03
3.900999999999999801e+01 1.018086543665179533e-02 1.106535174678127719e-03
3.950999999999999801e+01 1.025913937385174342e-02 1.192423956998475872e-03
4.000999999999999801e+01 1.028361613758081890e-02 1.168688523480992036e-03
4.050999999999999801e+01 1.011707576456490239e-02 1.203829711556374162e-03
4.100999999999999801e+01 1.010463794000075223e-02 1.195768972961318765e-03
4.150999999999999801e+01 1.010897818066243403e-02 1.140321152814052774e-03
4.200999999999999801e+01 1.008147936754029590e-02 1.138936467842769197e-03
4.250999999999999801e+01 9.950231944592635366e-03 1.266224900680015418e-03
4.300999999999999801e+01 9.934110679522963408e-03 1.290022846915120543e-03
4.350999999999999801e+01 1.000054172828527752e-02 1.266504786184129410e-03
4.400999999999999801e+01 9.974243667816224887e-03 1.231100974408210966e-03
4.450999999999999801e+01 9.991947834395770514e-03 1.209809574411639405e-03
4.500999999999999801e+01 9.875806792108331178e-03 1.194435044868527281e-03
4.550999999999999801e+01 9.964525565114344327e-03 1.220742127283101948e-03
4.600999999999999801e+01 9.905792549601407856e-03 1.214519702599571680e-03
4.650999999999999801e+01 9.960950746594188915e-03 1.189125200916895395e-03
4.700999999999999801e+01 9.957209176412447002e-03 1.193627747294035302e-03
4.750999999999999801e+01 9.889459746789515393e-03 1.126999407536284289e-03
4.800999999999999801e+01 9.950202677890953445e-03 1.083176129760750036e-03
4.850999999999999801e+01 1.003497081364372080e-02 1.065471420148930747e-03
4.900999999999999801e+01 9.991681932651975268e-03 1.001968094229326164e-03
4.950999999999999801e+01 9.952663910784847329e-03 9.375293590382918155e-04
