time	transfer entropy	2sigma error
1.000000000000000021e-02 7.495517305466546654e-02 4.161274791953043506e-01
5.100000000000000089e-01 1.990249444294530934e-01 3.303287514959877408e-02
1.010000000000000009e+00 1.763321458970894540e-01 1.952201729806629649e-02
1.510000000000000009e+00 1.849756479057863279e-01 2.958150858181115422e-02
2.010000000000000231e+00 1.823290516680994566e-01 2.092058639566931125e-02
2.510000000000000231e+00 1.776729884264970083e-01 1.993078027102570052e-02
3.010000000000000231e+00 1.748254843716084972e-01 1.967356415796145397e-02
3.510000000000000231e+00 1.713544380554783142e-01 1.571388654052949946e-02
4.009999999999999787e+00 1.717442356068269449e-01 1.787043459000439705e-02
4.509999999999999787e+00 1.699797253047228285e-01 1.714332224054395531e-02
5.009999999999999787e+00 1.669275304108800984e-01 2.000717033617572735e-02
5.509999999999999787e+00 1.662313162933901356e-01 1.630264202329905626e-02
6.009999999999999787e+00 1.649764786601608801e-01 1.422929523257417811e-02
6.509999999999999787e+00 1.662486254544901509e-01 1.254235402512068540e-02
7.009999999999999787e+00 1.682811957545434500e-01 1.210641154176665679e-02
7.509999999999999787e+00 1.698295011573212887e-01 1.161286301679989932e-02
8.009999999999999787e+00 1.701288468960997780e-01 1.086840151911518462e-02
8.509999999999999787e+00 1.696412627583731847e-01 8.251306728631063389e-03
9.009999999999999787e+00 1.675525215775660881e-01 8.373852894357604673e-03
9.509999999999999787e+00 1.659513837756713406e-01 8.281744450708122471e-03
1.000999999999999979e+01 1.660191963260951309e-01 7.926893299361683839e-03
1.050999999999999979e+01 1.659974668310404966e-01 9.094249028792800171e-03
1.100999999999999979e+01 1.666252609058177236e-01 9.571697091545703848e-03
1.150999999999999979e+01 1.672824373083559302e-01 9.536022159729132600e-03
1.200999999999999979e+01 1.666893018727786946e-01 9.246010700463476104e-03
1.250999999999999979e+01 1.671415876620206131e-01 8.642288122244963858e-03
1.300999999999999979e+01 1.676892166559141584e-01 8.851777631108562888e-03
1.350999999999999979e+01 1.670639448871662491e-01 8.596693907420681000e-03
1.400999999999999979e+01 1.667534781422702894e-01 8.154587436013154000e-03
1.450999999999999979e+01 1.662012926029441118e-01 8.230584767514589201e-03
1.500999999999999979e+01 1.673808115594661861e-01 7.866904850004168698e-03
1.550999999999999979e+01 1.664439598160393496e-01 7.468212293973278994e-03
1.601000000000000156e+01 1.665061917418956539e-01 8.085780485470877785e-03
1.651000000000000156e+01 1.667732367399117621e-01 7.636287544676074492e-03
1.701000000000000156e+01 1.660313160275796174e-01 7.982880626044712088e-03
1.751000000000000156e+01 1.643905339475077720e-01 7.918205686761974754e-03
1.801000000000000156e+01 1.646188040042025902e-01 7.665330381697168377e-03
1.851000000000000156e+01 1.636509732896750668e-01 7.021124751797687587e-03
1.901000000000000156e+01 1.634334579751001437e-01 7.755801715189688389e-03
1.951000000000000156e+01 1.639346356761889612e-01 7.489922671358039026e-03
2.001000000000000156e+01 1.634498783819000878e-01 7.202061564284319845e-03
2.051000000000000156e+01 1.639021510556671890e-01 6.343015600120276848e-03
2.101000000000000156e+01 1.639909003176616697e-01 6.200559219000341751e-03
2.151000000000000156e+01 1.634134082937122590e-01 6.573442580763662509e-03
2.201000000000000156e+01 1.628092621875608936e-01 6.383487096440250939e-03
2.251000000000000156e+01 1.630080141653455494e-01 6.422335368628801465e-03
2.301000000000000156e+01 1.621460661461814057e-01 6.929411719695490607e-03
2.351000000000000156e+01 1.615373486026383809e-01 7.277614507935570298e-03
2.401000000000000156e+01 1.611540888209462841e-01 6.899188824955133394e-03
2.451000000000000156e+01 1.613179156293891026e-01 6.706264520422464646e-03
2.501000000000000156e+01 1.608724390864533227e-01 6.572878573981601712e-03
2.551000000000000156e+01 1.613974332832882053e-01 6.405587974482891862e-03
2.601000000000000156e+01 1.613042252069735727e-01 7.015040102098156483e-03
2.651000000000000156e+01 1.605092447029980995e-01 6.842590522572220696e-03
2.701000000000000156e+01 1.607716619368322886e-01 6.494532419515173377e-03
2.751000000000000156e+01 1.613562598339991494e-01 6.565401023569628243e-03
2.801000000000000156e+01 1.617101337707835540e-01 6.131246948264041860e-03
2.851000000000000156e+01 1.611858209261299302e-01 5.843734590750626970e-03
2.901000000000000156e+01 1.610951044985238223e-01 5.858426910474172529e-03
2.951000000000000156e+01 1.610516451315058828e-01 5.683338646222184723e-03
3.001000000000000156e+01 1.614167555399720067e-01 5.899540700940745543e-03
3.051000000000000156e+01 1.615019432904555574e-01 5.859249972097472364e-03
3.101000000000000156e+01 1.612427957690024116e-01 5.936055769593968391e-03
3.151000000000000156e+01 1.616114153188328573e-01 5.672723992114083770e-03
3.200999999999999801e+01 1.615730207040261546e-01 5.761598671678975180e-03
3.250999999999999801e+01 1.609080731369562922e-01 5.521716491872150946e-03
3.300999999999999801e+01 1.606942646705099842e-01 5.174158900776594690e-03
3.350999999999999801e+01 1.608594404463813687e-01 4.733067854345830716e-03
3.400999999999999801e+01 1.616653991732425466e-01 4.724322389335966661e-03
3.450999999999999801e+01 1.615396806780616812e-01 4.662965690207893261e-03
3.500999999999999801e+01 1.617225003009460649e-01 4.709308470662870380e-03
3.550999999999999801e+01 1.617426071566891443e-01 5.117990198818094146e-03
3.600999999999999801e+01 1.628275545946603620e-01 4.933839060580175184e-03
3.650999999999999801e+01 1.628775671332149400e-01 4.692795244039666552e-03
3.700999999999999801e+01 1.634919435825047951e-01 4.455955267423691857e-03
3.750999999999999801e+01 1.630609749039439449e-01 4.534526351630776241e-03
3.800999999999999801e+01 1.626504207321308737e-01 4.657544716396036684e-03
3.850999999999999801e+01 1.630916583323842317e-01 4.569028560387581976e-03
3.900999999999999801e+01 1.632674249366097563e-01 4.754117933357258213e-03
3.950999999999999801e+01 1.636263860634654399e-01 4.907112626212078652e-03
4.000999999999999801e+01 1.637212608214235476e-01 4.883585607448664469e-03
4.050999999999999801e+01 1.634511112513706288e-01 4.822571037353246687e-03
4.100999999999999801e+01 1.632930396113282945e-01 5.092436450820208085e-03
4.150999999999999801e+01 1.631512594256024351e-01 4.852773388553405925e-03
4.200999999999999801e+01 1.632555076414001216e-01 4.886227452806059073e-03
4.250999999999999801e+01 1.631594804600159654e-01 4.898750508397176247e-03
4.300999999999999801e+01 1.633460267260844201e-01 4.777464274213849039e-03
4.350999999999999801e+01 1.634950510710617699e-01 4.763229903800106704e-03
4.400999999999999801e+01 1.634161921221860270e-01 4.699508610160794096e-03
4.450999999999999801e+01 1.636438280143241997e-01 4.763741019578522119e-03
4.500999999999999801e+01 1.638232532399067076e-01 4.363733826390388260e-03
4.550999999999999801e+01 1.641339641021987705e-01 4.238088003360992138e-03
4.600999999999999801e+01 1.643163020349893977e-01 4.346694205988582867e-03
4.650999999999999801e+01 1.643793706833343304e-01 4.053389984385379757e-03
4.700999999999999801e+01 1.642271278903650600e-01 4.049962977576437168e-03
4.750999999999999801e+01 1.646168877894839122e-01 3.827115844892415002e-03
4.800999999999999801e+01 1.647218961607847254e-01 3.805073354272857540e-03
4.850999999999999801e+01 1.645548373724191049e-01 3.970106910017901468e-03
4.900999999999999801e+01 1.647902490629820083e-01 4.140095768146685902e-03
4.950999999999999801e+01 1.653147613838511776e-01 3.955615410101213404e-03
