time    transfer entropy        1sigma error
5.000000000000000104e-03 9.964859591923033721e-02 5.144047925779091091e-04
1.000000000000000021e-02 9.820566862436257149e-02 5.182112158967553100e-04
1.499999999999999944e-02 9.680857533814896110e-02 5.254181925681002899e-04
2.000000000000000042e-02 9.551012334558726946e-02 5.043739610845048580e-04
2.500000000000000139e-02 9.420736035572577216e-02 4.921855343047845709e-04
3.500000000000000333e-02 9.178389719572095651e-02 5.252916192063426630e-04
4.499999999999999833e-02 8.930974565775058605e-02 5.175996756200691024e-04
5.999999999999999778e-02 8.606447410326846514e-02 5.103362136353830529e-04
8.000000000000000167e-02 8.207310448460661267e-02 5.211750123760561498e-04
1.049999999999999961e-01 7.747362045026728872e-02 5.172456621922842408e-04
1.350000000000000089e-01 7.263114115202271015e-02 4.899850216910163524e-04
1.750000000000000167e-01 6.722289265724701313e-02 5.023606431687519620e-04
2.250000000000000056e-01 6.161315838521216198e-02 4.794883467023260018e-04
2.899999999999999800e-01 5.601637869821319421e-02 4.449826967163423501e-04
3.750000000000000000e-01 5.087209262026137768e-02 4.118843003981595831e-04
4.849999999999999867e-01 4.646026201025858088e-02 3.489208029460226187e-04
6.250000000000000000e-01 4.313667292210533050e-02 3.373232380840420061e-04
8.100000000000000533e-01 4.096907018938514972e-02 3.321474032563524943e-04
1.044999999999999929e+00 3.987006377448972655e-02 3.121596542596229910e-04
1.344999999999999973e+00 3.941134824750845006e-02 3.118641415104609770e-04
1.735000000000000098e+00 3.927682847773310976e-02 3.199704253638039004e-04
2.240000000000000213e+00 3.927107583498658239e-02 3.301731291031649649e-04
2.890000000000000124e+00 3.927886259065794389e-02 3.531444567957549275e-04
3.729999999999999982e+00 3.923867156378142707e-02 3.463884069132530294e-04
4.810000000000000497e+00 3.927131398031645515e-02 3.552816864946097908e-04
6.205000000000000071e+00 3.920716221409743796e-02 3.256006238180428488e-04
8.005000000000000782e+00 3.917330013695650287e-02 3.464546761839271019e-04
