1.381385523349720713e-03
-1.794045726171589195e-03
3.616769047312118481e-05
6.706740112399245824e-04
2.007020615565835268e-03
4.530885121955918575e-03
2.974315073258537636e-03
1.499679478452264859e-03
1.426201536025928276e-03
9.312201499056982790e-04
1.574320497208248027e-03
8.117115735366553508e-03
2.320578523060134925e-03
7.276636981430328617e-05
-2.765006628008848024e-03
-3.576299577271413628e-03
9.826861455050562438e-03
8.639860366045581941e-03
2.005824045409099199e-02
2.539909022211190789e-02
1.890465836937380711e-02
3.124758659344024567e-02
3.227029462622112849e-02
3.284620662250006123e-02
3.618709904573336189e-02
4.051487657528411723e-02
3.378342185230565065e-02
3.501811976791487091e-02
3.430113999205275377e-02
4.209164895404456097e-02
5.545418042076164650e-02
6.144882489167855649e-02
7.245733936626379268e-02
7.668039752654465246e-02
9.907393705688320729e-02
9.660283621512064101e-02
1.082752412897718813e-01
1.179884869781773205e-01
1.123888220537253291e-01
1.127695103075410515e-01
