-7.159056440109168307e-06
-2.096765287566171396e-03
-3.358800203386635985e-03
-5.234058883495151587e-04
6.114226086062046327e-04
2.693277710221764210e-04
3.488664254888362848e-03
8.594074626266490213e-03
6.852601825499959887e-03
8.920740569597285924e-03
1.113968843278030293e-02
2.145893019965399232e-02
1.022692712381711999e-02
1.676717409802108705e-02
2.285544632096474585e-02
3.512876025316558071e-02
3.117727382791599805e-02
2.613103938288929839e-02
1.540479266869283423e-02
2.080065320157018643e-02
2.914344911209525504e-02
5.338774180194718472e-02
6.269967396025606654e-02
7.027947576172266508e-02
6.216949240090628021e-02
7.529779181849675929e-02
7.206911911592044084e-02
7.513461829364018185e-02
8.559038108655840638e-02
9.028968077275863202e-02
1.018727116970694624e-01
1.111588253982830621e-01
1.145616663452244666e-01
1.082040228198593440e-01
1.234337475884501600e-01
1.307990533705492564e-01
1.410699558035190537e-01
1.425138484307751641e-01
1.427621475713579113e-01
1.498514631149106546e-01
