2.826698602133692617e-03
4.402254978831976820e-03
6.739958951407487402e-03
7.571128019097983497e-03
6.216016416266967499e-03
-2.148521745935028180e-03
1.353020480434636783e-02
1.256347740331307215e-02
1.120352937679030061e-02
7.067587322650296933e-02
2.639985004554148279e-02
2.530615612100746079e-02
2.075150763918998109e-02
1.896595370363342997e-02
3.019347650286050705e-02
4.466591695385489086e-02
4.076124705322570207e-02
3.410458067542095073e-02
3.866121648392208815e-02
4.847328504642689495e-02
4.559721902791409598e-02
4.914757736839873992e-02
5.730416354937517553e-02
5.555367010622376533e-02
4.960509068604039562e-02
5.820743955953276011e-02
6.310800014629477928e-02
7.404204767139219157e-02
7.866558930475661682e-02
7.618517419557520320e-02
8.711180947338448277e-02
8.471114413484884254e-02
8.273400770377747904e-02
8.168850652825768166e-02
8.150378087656236226e-02
9.039024256335607965e-02
1.089667223940068708e-01
1.181895807023437273e-01
1.295687576740277847e-01
1.269372350958519746e-01
