-1.289375392060687674e-03
1.267277273504774414e-03
3.098200128214045890e-03
-2.779997250279109267e-03
-9.529797508442072957e-04
5.491008321519075600e-03
1.144962801354623173e-02
1.272508857992136165e-02
1.809420830117858259e-02
1.655999531648291029e-02
3.155489823814718736e-02
3.052822962299188772e-02
3.356402718662536422e-02
4.345872979962450700e-02
4.519820397095201947e-02
4.342892344146775940e-02
4.444778261702140437e-02
5.130345850133437302e-02
5.175470787966958419e-02
5.271244582412180218e-02
5.058901471091701435e-02
5.244236427739394635e-02
4.215381468905263912e-02
5.032445528959215292e-02
5.582391369981678370e-02
6.103585279150536280e-02
6.887186449647231257e-02
7.905664549093102678e-02
8.282842474148707779e-02
7.721743311541615085e-02
8.113005224177811947e-02
7.828771816093649250e-02
7.925794868637012214e-02
8.127732063626354198e-02
7.902373724068070815e-02
9.489127752684681227e-02
1.092419543601494125e-01
1.060282231963185495e-01
1.050642834686414118e-01
1.155816001584327041e-01
