1.118914367733037096e-03
-2.996540704071293465e-04
-1.298186080913765706e-03
6.768657743086947849e-03
7.106852513943095855e-03
1.366525136630016880e-02
1.933061717554949294e-02
1.273122639052388580e-02
1.339956971321925108e-02
1.092506445736205443e-02
2.017478411452771139e-02
2.613760073334816386e-02
2.650267471128984337e-02
3.298785272022399656e-02
1.693868212707201268e-02
2.911658627332656263e-02
2.647547549768774003e-02
2.442143925816821909e-02
2.094208414733884568e-02
1.792144858435164995e-02
3.441070517240803206e-02
3.663040443984470762e-02
3.270405791121504258e-02
4.902568524491641988e-02
5.997830733376474655e-02
6.496588734781028052e-02
7.171263641611461126e-02
5.763856121613173539e-02
5.973086405265917026e-02
7.601169132539382922e-02
9.532100116884408003e-02
1.040076388419038239e-01
1.015654364053062836e-01
1.001122689513636033e-01
1.189466037856533320e-01
1.149277964746005382e-01
1.198536491994389025e-01
1.135438751801814278e-01
1.148042294431093069e-01
1.276310333543591580e-01
