-1.590197125190950713e-03
-1.840028063486975939e-03
7.894380863121242334e-03
1.065161919691135460e-02
9.751564969839421337e-03
1.294975659895953798e-02
1.030973588033106195e-02
1.721352972365934944e-02
7.051011737696910760e-03
5.065016675254696218e-03
5.371430959290534983e-03
1.573763865105632861e-02
2.153244805157612449e-02
3.080153066046165122e-02
3.774070577803172177e-02
2.978687548918514810e-02
4.714054372331020343e-02
5.488640653324239338e-02
6.623570126737376995e-02
7.163406977448687207e-02
7.221588281202002968e-02
9.907878697316618855e-02
1.000102075096805238e-01
1.510273058547966230e-01
9.977221437125934067e-02
1.106654604480581811e-01
1.181773755385790992e-01
1.149446799731833890e-01
1.286318244035584146e-01
1.333082626779940882e-01
1.259799740911887456e-01
1.307462392071783996e-01
1.323150181675771253e-01
1.373473998716576716e-01
1.354186333428771261e-01
1.263112319084740420e-01
1.341074874642373405e-01
1.415174245005175746e-01
1.386795136186890487e-01
1.513339842242686362e-01
