-1.592000606200905111e-04
1.371829714350525321e-03
5.192840754626715065e-03
3.146209669195343308e-03
2.796831931889442839e-03
1.836402204288134585e-03
-5.758773799084337779e-03
-1.179339983431901794e-02
-4.466305519646595994e-03
6.612339015248380747e-04
-2.605216874134441522e-03
3.698755399015851795e-03
-1.930238113395432720e-03
-1.486829475371109722e-03
-2.279464903551797625e-05
2.729577182273601552e-03
9.233385911784353084e-03
1.685287885987350048e-02
2.630654812407442339e-02
2.851151202133053036e-02
2.864041222437947384e-02
2.954388108129251192e-02
3.164097463436803259e-02
4.375423380361098680e-02
4.395884874763567041e-02
5.047285081381858163e-02
5.914470468390504998e-02
7.467205604872048652e-02
8.605043631805812943e-02
9.730247629844654411e-02
9.766774267116887231e-02
1.129282569814336057e-01
1.271363330043584483e-01
1.426208794933757074e-01
1.458166224527303600e-01
1.265811328444328976e-01
1.442699873582057590e-01
1.511757893219879689e-01
1.485194231340727922e-01
1.603201006613858282e-01
