1.425848999276446813e-04
3.052908845900681543e-03
3.097034461734082637e-03
7.367927541125140816e-04
4.029884351483303470e-03
2.866903996097391709e-03
9.305316203835900524e-04
5.601439568432908973e-03
5.305238840207948670e-03
4.889786164333997931e-03
4.721100620776326473e-02
6.907156867812602394e-03
2.052488860272916327e-02
2.475524384247194259e-02
2.846075146561872701e-02
3.044674138864849125e-02
3.685675227397382236e-02
4.898541176387141011e-02
4.890942092535795205e-02
5.116933329773587502e-02
5.362710451655061661e-02
6.913171332863612961e-02
8.622556546846453507e-02
8.788754440583375349e-02
8.608150201347938846e-02
9.201239482656831115e-02
9.435682135105594170e-02
1.084629295463258869e-01
1.249937100628784464e-01
1.209112859905360493e-01
1.249049943410398128e-01
1.429098056662155558e-01
1.347670707920002597e-01
1.365053733094157562e-01
1.472835191804193755e-01
1.505420000109864986e-01
1.607807195278866119e-01
1.553182515750052006e-01
1.723028861368448017e-01
1.807177397110535932e-01
