3.436924639684413134e-03
5.604590800839304165e-03
1.039389286299439129e-02
7.526231600296284449e-03
7.390978112233170978e-03
9.218369930073322741e-03
1.158148798262388299e-02
1.141967968418242628e-02
1.713760274961515645e-02
1.564667222565247970e-02
1.900739933141437632e-02
2.555338682380607976e-02
2.302510842004466124e-02
2.406923343609719199e-02
3.827819781303531954e-02
4.004167840161301090e-02
3.833615872682401282e-02
3.817015611314218682e-02
5.185772010239873137e-02
5.414114593012016308e-02
5.683202900493426746e-02
6.665430225312433954e-02
8.116818798238796540e-02
8.839852148478541394e-02
8.516796888266356391e-02
1.393103826410083401e-01
8.994989803483974256e-02
8.884694487291824871e-02
8.556534072329782803e-02
8.408286421094146590e-02
8.442894023838790063e-02
9.611618009962227815e-02
1.101555359498320313e-01
1.118508801265846869e-01
1.279659584054854693e-01
1.344898682847571192e-01
1.429436771725676181e-01
1.492801690464858611e-01
1.515284678123151596e-01
1.764098653633112690e-01
