-1.561234092508634319e-04
3.370953432213497081e-05
2.074875719871372044e-03
3.916031493287164093e-03
5.627969063337445559e-03
2.880547609028241002e-02
1.183785110849839770e-02
1.333397265911031616e-02
2.376660868239355295e-02
2.529290313142524768e-02
2.078584958282192474e-02
1.855176998669918337e-02
2.050760771290640466e-02
3.067815442206835858e-02
2.952351598224680490e-02
3.709631300641547114e-02
4.601832311365398887e-02
4.598162217146750663e-02
5.304725681332911336e-02
5.845302520386610329e-02
5.690927384225972357e-02
5.068267536752557589e-02
5.676003951328425362e-02
5.309647925942044544e-02
7.432643688847236085e-02
7.505192725440110180e-02
8.736577712296308973e-02
8.190489474665696434e-02
7.974170908644281908e-02
1.024087318543166758e-01
1.107301321799553789e-01
1.231934281305598206e-01
1.300935341650387156e-01
1.178863846108470226e-01
1.274841782531438983e-01
1.272194757494674033e-01
1.423774227301834172e-01
1.434846207884845626e-01
1.505400917095869318e-01
1.581342044211879738e-01
