-1.293666513796587481e-03
-7.558171037182148883e-04
-1.369838422005997813e-03
1.384706462896900803e-03
6.855661913238009393e-03
5.420233300016263564e-03
7.844102337838877032e-03
6.678757000172197769e-03
1.183441667165112746e-02
1.710877938296135811e-02
1.397090755870919986e-02
1.841769284681902402e-02
1.848721124354426454e-02
2.372019511492027416e-02
3.392676219703076590e-02
4.951482059170899536e-02
5.797999482450677533e-02
5.662686735193744880e-02
5.966573320042982409e-02
6.877005289811392863e-02
7.273148214134153577e-02
8.113651474828031951e-02
9.140534234928736346e-02
9.002190579547857119e-02
9.479596431436050630e-02
1.007166229197849761e-01
9.784460666262759232e-02
8.919628746996580149e-02
7.966611858954593395e-02
9.739141397960508761e-02
9.136034055646576058e-02
9.867225530926475308e-02
9.617209328622777775e-02
1.010360184691137392e-01
1.089530740885123750e-01
1.082072533139296355e-01
9.366858457283058770e-02
9.577320430696260878e-02
9.717000211948345623e-02
9.289570136967881253e-02
