1.020278776273375555e-03
-1.948742787175206147e-03
3.549595328074417358e-04
2.780219911817027705e-03
7.524464805197084161e-03
1.520633823728942922e-02
1.115981434526176416e-02
9.599583069150697395e-03
1.631264507390426527e-02
1.522911108695836936e-02
2.556723990779658992e-02
3.100491346124556458e-02
3.007415419412353547e-02
3.566477493775153246e-02
-2.007541707358200325e-02
-8.427407187677714989e-03
-8.330632411528426928e-03
-1.026371225401021513e-02
-6.361750864707005002e-03
3.630459610954517389e-03
6.469874884891169478e-03
1.120135567931299612e-02
1.747714480094941791e-02
1.904009373264159422e-02
1.115071522332300447e-02
1.914455319433159414e-02
1.823488451742889468e-02
2.560455890606476784e-02
2.914050569249298020e-02
2.728344180285659920e-02
3.883542192093329681e-02
5.102637384062518044e-02
6.245512786078961931e-02
6.968342050360547268e-02
7.125228378039025201e-02
7.139146393201087348e-02
7.291812688697518752e-02
8.621121521854888115e-02
8.572516809058754184e-02
1.051168315476985471e-01
