2.769074485224010335e-04
2.536427801767437984e-03
-1.235006697566376488e-03
-3.674867971767881072e-03
-7.128017460962610477e-03
-1.122461578619535737e-02
-1.047374272303898055e-02
-1.433436771425391533e-02
-2.353125973287717530e-03
-1.028596573736564358e-02
-9.874565939061597658e-03
-2.187116739921180116e-03
-3.991283581660809779e-03
-2.278858813667739068e-04
7.776541218476040740e-04
7.468656338232903874e-04
3.776796501023227479e-03
1.176430920544646597e-02
5.534526170114873259e-03
1.814674508108850975e-02
2.060087403380350679e-02
3.958547964017782028e-02
3.736318326431273956e-02
3.339715351737879839e-02
3.734353800150529146e-02
6.007475897964695971e-02
4.300435304070049369e-02
4.936648716915499613e-02
6.325495940517952831e-02
7.920106096270558560e-02
9.699718776182350566e-02
1.021583575630415908e-01
1.212249281771647647e-01
1.223349484245488811e-01
1.431224838744810657e-01
1.731713877710404914e-01
1.675799563418507998e-01
1.667782996023305375e-01
1.840283164945134275e-01
2.002257336219258887e-01
