3.505360226077946844e-04
-2.030305629437378998e-03
-5.472472777057646887e-04
4.884359827534013113e-03
7.292655099751499045e-03
7.250422038908510385e-03
8.163053317638002682e-03
5.885178294927584548e-03
1.143207175253166917e-02
1.416891143099121599e-02
1.641914941439921380e-02
9.329108956900710597e-03
8.128804652935172834e-03
1.412279675200380814e-02
1.298020654427176589e-02
1.503326361866470437e-02
1.860079284430753502e-02
1.939675512876135738e-02
2.012111258972879707e-02
1.832059632875200281e-02
3.676900666456219685e-02
3.548188717109326124e-02
3.747634336930900922e-02
4.066555249307839126e-02
3.134582133171477658e-02
3.870667520940855588e-02
4.260080993842905311e-02
4.137884983170465880e-02
4.768430915413830740e-02
5.906255142598126895e-02
5.801357468875778522e-02
6.993066108762206745e-02
8.182659064048891651e-02
9.931380943043280340e-02
1.115987347433247123e-01
1.014203479214046411e-01
9.933329431515289243e-02
1.032205498614075651e-01
1.082130501893942692e-01
1.173588344829170210e-01
