-8.191566812928207991e-04
-2.167883032463180425e-04
-2.908543934992735341e-04
-4.768406595808016737e-04
2.834289906374465318e-03
8.332304931812473114e-03
2.113702194584732297e-03
1.979438000279287908e-03
-1.734123590352965039e-03
8.810170270996309574e-03
6.927738129895999464e-03
8.914856720267039236e-03
6.848366444636155848e-03
4.611710943802904521e-03
1.500885774244409276e-02
1.537869367596300663e-02
2.492711156308473688e-02
3.065067370021381382e-02
4.142863344776515078e-02
4.651700605439827718e-02
3.947941156204990559e-02
3.389370184612516823e-02
4.023266202529498375e-02
4.531986229400217919e-02
4.319574107031485394e-02
5.171383435662164907e-02
6.141980947915896827e-02
7.977508396735970286e-02
8.166439413838019745e-02
8.466779448703790067e-02
9.178020349082771645e-02
8.826552845941648684e-02
7.937633335494638509e-02
8.851794730794040889e-02
8.864693282669691698e-02
1.017785691702698669e-01
1.067630250623238936e-01
1.488753220700999580e-01
1.626612128295647497e-01
1.793927918891085882e-01
