-2.582547078650243794e-04
-3.339243537671876625e-03
-6.255794875069398304e-03
4.848268725468862783e-02
-2.321511362119821169e-03
2.664218166373188870e-04
3.289084639599337747e-03
5.317590744986944173e-03
6.251559198284439497e-03
-1.940685925069374120e-03
6.604374888094355529e-03
1.061841760914603548e-02
2.129690955312639813e-02
1.748216073282122737e-02
4.177785852918702511e-03
1.783427889586164383e-02
1.978536461276263550e-02
1.338333717478974380e-02
6.630605531265132066e-03
1.482660042198915597e-02
1.597768225769584730e-02
1.500759830222477866e-02
1.680721407960845612e-02
2.592764488011880392e-02
2.916402886977209619e-02
3.006331541428437434e-02
2.912392461674073729e-02
2.908735698721614041e-02
2.831642299046848235e-02
4.026642248805387819e-02
4.510948531133181227e-02
3.654867714296301806e-02
4.412502947116649782e-02
5.076367442495097887e-02
5.682360486457298243e-02
6.736184674531386918e-02
7.631883897821012397e-02
9.170180062582744540e-02
9.056553773120015749e-02
9.008071094187926342e-02
