-4.231261033287303519e-04
-6.215636393632096180e-04
-2.904542109560637013e-03
-4.428808439367060319e-03
1.240964275950773191e-04
6.519251771251788124e-04
1.098749347452638789e-02
8.450601284276614694e-03
6.875255793566736884e-03
2.013145897112167577e-03
1.771574587168629408e-02
1.157823358587108976e-02
1.381219112347338226e-02
3.569387503632839159e-02
2.995663424526355881e-02
2.975335219397976655e-02
2.998233406527504169e-02
2.534297060052779355e-02
1.494668005372545849e-02
1.215310003904619338e-02
2.052440315469823348e-02
1.863450486587510044e-02
5.652001978023690927e-03
1.730570892529499291e-02
1.931666886540028827e-02
1.878312142619904465e-02
2.805674421057346990e-02
3.767894039794725952e-02
5.617050960996437109e-02
6.651705079057421144e-02
7.104438336737643744e-02
8.811651389669350465e-02
9.073700759513200764e-02
8.537420810551168970e-02
9.892652681704702800e-02
1.040754924512015123e-01
1.005533740999766251e-01
1.144112999335760578e-01
1.090308516029523389e-01
1.168427558665882798e-01
