-7.996006141533839933e-04
2.034805341511969519e-03
4.804995317054405572e-03
9.125801650166919660e-03
1.013025932286453282e-02
1.699780598154774364e-02
2.130282155571237152e-02
2.520029817749360607e-02
1.891463854718438212e-02
2.295534455063403742e-02
2.283060777796635035e-02
3.126022699405410499e-02
2.883384378528859246e-02
3.600224411819965414e-02
3.789931516045470794e-02
3.434448298949490525e-02
4.093415155808770300e-02
3.942887875646761131e-02
3.863514793739000058e-02
3.940407258198774798e-02
4.573830139156313812e-02
3.975178932773815177e-02
3.400508227234979447e-02
3.808618957948510519e-02
4.967374943481957239e-02
5.476310462535991658e-02
7.176390077331973316e-02
7.822043933865927001e-02
1.323882700925849976e-01
7.618542737906749962e-02
8.645904636817647315e-02
8.301670023714961821e-02
9.748296309329021470e-02
1.157133081557304849e-01
1.055691971899165027e-01
1.011431301240122566e-01
9.474093250230168628e-02
1.107072113955439308e-01
1.188797260092513824e-01
1.297589684243888597e-01
