7.057581717681670874e-04
2.543390333497086257e-03
5.352915872467889791e-04
5.186247340578375997e-03
-1.328220461444118341e-03
-3.409936169479266255e-03
-7.197940648101308625e-03
-8.081083927265808381e-04
9.501987571141512923e-04
-2.984670295661828818e-03
-8.670889121177083108e-04
2.517827863471211458e-03
5.929668642338014944e-04
1.518664963589344465e-03
8.757662586768332966e-03
1.280958330793566767e-02
2.175420469230004983e-02
2.938254989742859064e-02
4.020729164089686947e-02
4.447164587786574252e-02
5.437839333380338480e-02
5.778297484507959048e-02
5.036985294683517939e-02
4.960366301942542577e-02
4.514748571947109490e-02
5.486583641806248857e-02
6.284941535511449906e-02
7.252579985373017180e-02
9.014814209918142751e-02
1.037841735706876989e-01
1.316528837134484375e-01
1.375389314780903760e-01
1.559655160730898105e-01
1.468620880719385124e-01
1.596733313916786356e-01
1.765133384184053855e-01
1.995638729113551335e-01
1.927726648286636757e-01
2.000292290692073094e-01
2.149893342406130614e-01
