-7.165732392975243670e-04
-1.530972951462850149e-03
-1.032653610144151912e-03
-1.810593925030446003e-03
-2.326204668420928210e-04
-3.263190717419206630e-04
-8.260171188950949034e-04
6.013392069156964226e-03
1.674435942635170774e-02
1.970253194739370745e-02
2.750587357041780340e-02
2.537706370071788481e-02
3.301683302104976153e-02
4.262025074584556428e-02
5.456071907154722705e-02
6.003958829249569223e-02
6.888935231137338633e-02
8.175178572387835352e-02
8.512837882000212630e-02
9.103784586102961485e-02
9.858498098944608323e-02
9.886187953235889281e-02
9.995133058833119422e-02
1.079803365203929333e-01
1.181680005337909789e-01
1.166727402883623171e-01
1.032301154510861380e-01
1.008036036466364721e-01
1.114434198700507694e-01
1.223500893615550866e-01
1.331647636173499960e-01
1.411321523152196389e-01
1.358618564001830009e-01
1.218824908377968141e-01
1.221579716401691995e-01
1.179291344769865246e-01
1.366258390001888756e-01
1.464205893296877947e-01
1.644265140014454230e-01
1.611395374703135930e-01
