-1.338859478397580417e-03
-3.309201564130503817e-04
-3.553761418940837215e-03
-7.317667862127308701e-03
-4.667998752220370653e-03
5.925545908741725043e-03
1.465877346617361354e-02
1.811032466767699065e-02
1.704045641128857508e-02
1.831441726930620531e-02
1.357108601106205015e-02
1.313131664147846288e-02
1.204079602600671706e-02
1.604666247729795783e-02
2.153460529182638084e-02
2.394414204243702077e-02
3.180186358094090615e-02
3.342459118124736783e-02
3.343398892943696271e-02
4.166514297412789170e-02
4.306199274771813773e-02
5.149798791808564424e-02
4.667653752016463070e-02
4.891046508945464527e-02
6.125711173903880535e-02
5.233037693401456497e-02
6.580297632083897952e-02
6.559012184093546138e-02
7.027672170955838460e-02
7.400072818690546506e-02
6.922036106731752070e-02
8.796009123857970180e-02
9.246149415226909141e-02
9.425558065256325890e-02
9.226158877017383297e-02
9.466108014777319113e-02
1.069102520445284199e-01
1.061250642433265029e-01
1.259685014338515485e-01
1.430797614031035780e-01
