4.193138614002833936e-04
1.525861471163913975e-03
-7.131564462658346489e-03
-4.452598432873600132e-03
-4.224585914874267809e-03
-1.521398550562480566e-03
1.844536771846350207e-03
1.158395034961330269e-02
7.408880559073338472e-03
8.877036698062567427e-03
8.566696611464409000e-03
-1.037369546980926273e-03
7.457811121926738625e-03
7.161308178302761354e-03
8.045640241709861931e-03
6.287020115256325252e-03
4.478681487699987147e-03
3.715470669956743958e-03
1.290473078659317742e-02
1.275745518642850199e-02
1.665869974427209785e-02
2.608745436170067933e-02
2.685704809756259831e-02
3.670379273408173187e-02
5.381143328233406464e-02
4.806460015765594285e-02
5.110495428224339637e-02
6.120107470911761993e-02
6.673922230326070903e-02
7.187526214821104986e-02
7.121181956897260079e-02
6.752731534371889111e-02
7.298814915560285221e-02
5.908444697383288119e-02
6.717746860656462204e-02
7.175093791781250729e-02
6.384447449342474379e-02
6.675939961760661567e-02
6.447903072241274736e-02
7.942973067887634797e-02
