2.852092082364698694e-04
-1.104654077823141647e-03
3.272238564164808849e-04
5.251362676836635220e-03
7.040738765246601708e-03
1.552752867677256211e-02
2.355875484973282002e-02
2.611383966106046658e-02
2.671039583422043368e-02
2.826383495142579388e-02
4.027854961503862796e-02
4.558662013679395247e-02
3.960328477455732354e-02
4.245496448791215294e-02
5.779186263838340804e-02
6.007030046553722691e-02
7.176619415571963700e-02
6.735603491830773060e-02
6.881082785859291007e-02
7.450823947150411741e-02
8.562627014532893377e-02
8.460027378877725546e-02
9.191435494169582221e-02
1.112113751090561264e-01
1.198452213977787978e-01
1.277035264636282308e-01
1.308855219266263359e-01
1.317346484918971439e-01
1.299430061113525936e-01
1.255019109441320724e-01
1.301378320551549450e-01
1.377991182691488403e-01
1.396538040910542122e-01
1.555030962144883233e-01
1.586204976494030860e-01
1.616559427062924104e-01
1.589854417242491935e-01
1.693460921599324875e-01
1.749621218094347397e-01
1.823431864016413217e-01
