-8.871192314002130253e-04
1.749355406403907453e-03
-3.122560761122983135e-03
-5.004526265734910231e-03
-8.386945077733543377e-03
-3.198549646443637953e-03
-5.361824241632717584e-03
-7.377858905626056077e-03
-1.137848676670643114e-02
-6.773882102875461789e-03
-2.736071898527825570e-03
-6.992962259737112163e-03
4.831847646322273704e-03
6.735160611829371473e-03
1.124360208991532703e-02
1.023481329416711140e-02
2.780373940313154296e-02
3.035143027203162161e-02
3.751442700461780216e-02
3.650817934652650365e-02
3.567351112716323630e-02
5.170338225121327153e-02
4.745544083193351664e-02
6.794278987816540494e-02
8.090064901541324516e-02
8.845139089323197923e-02
9.607149691237851230e-02
9.934892672075364140e-02
1.053580610946880797e-01
1.233981098772716223e-01
1.426790900317655431e-01
1.392379686653129056e-01
1.504781167968843592e-01
1.548525125354331122e-01
1.643811078860238639e-01
1.633034682346789224e-01
1.607879434453877709e-01
1.870122808276107607e-01
1.919015740897549449e-01
1.958311743733417987e-01
