4.405396376975900916e-04
-4.967696883884542992e-04
3.185228263049211337e-03
1.050584166202384127e-03
4.837475978586525116e-03
3.696788621024182930e-03
-3.617290739349243505e-04
7.434646153340907296e-03
8.107791419793387161e-03
1.529573059396369637e-02
1.727252724637793474e-02
1.480761270466786003e-02
8.586209573766722530e-03
1.756684547500526536e-02
1.574478748955243645e-02
3.606276849680511987e-02
3.499916029192604722e-02
4.727068574714508170e-02
4.895576355622210940e-02
5.610831244947860064e-02
5.832828054885794838e-02
6.385624291921487838e-02
6.818702076666056933e-02
8.624552413481864632e-02
8.602065798980333688e-02
9.343675859642815162e-02
1.017637212797581070e-01
9.719397246687436209e-02
9.417548744533518756e-02
1.193163628229683554e-01
1.364283500052749787e-01
1.313482450061997098e-01
1.250582392497222028e-01
1.214754461488325860e-01
1.322645608487960089e-01
1.420506547909525241e-01
1.682104318841823043e-01
1.715569740960489753e-01
1.659620642858186668e-01
1.742229861460856399e-01
