6.411205388613616879e-04
2.499292267447827953e-03
3.974207142496055320e-03
6.392092183060782071e-03
7.667647465532212263e-03
1.308131642927676773e-02
1.608474097148118037e-02
7.377351318977787634e-03
1.039436253934837920e-02
1.013236680890514628e-02
2.791907916936509082e-03
7.088823099300612177e-03
1.228501965550634657e-02
2.019979831531770742e-02
1.958049574851230407e-02
2.341936629571108458e-02
1.847831831634607486e-02
1.578218700060176477e-02
1.347644336805728892e-02
2.232454152769776032e-02
4.267117168420497819e-02
5.075718780825581866e-02
6.059182249263983522e-02
6.004187420396647074e-02
7.716288124528603021e-02
8.750457186948494559e-02
9.568313318288232394e-02
1.072482115238813094e-01
1.050774993850950578e-01
1.072427236249751531e-01
1.187331090330246697e-01
1.200687954024431264e-01
1.221742062640487347e-01
1.287677604924254982e-01
1.374101605170267304e-01
1.457913891524697247e-01
1.638697006291124636e-01
1.758685159939204767e-01
1.860705072606748389e-01
2.004813806421253675e-01
