-3.066585567371937987e-04
1.340199246953943657e-03
7.825881460377104304e-05
-3.376599998312457100e-03
-1.184779296039550866e-05
3.735532156791521348e-03
2.675881127992596302e-03
2.254878493261003314e-03
6.344456597715009485e-03
7.566148935569572305e-03
7.645604830052832313e-03
6.666276542341620023e-03
1.237596603950237226e-02
1.304933153458023333e-02
2.244655562649171612e-02
2.812579329434754596e-02
3.714789007816534511e-02
4.079786722681148781e-02
5.100638673152672886e-02
5.402336197267913753e-02
6.103971861885781891e-02
4.858981288095663015e-02
4.820394071517455220e-02
5.030712691790597407e-02
6.261593633887799215e-02
6.680938786835781407e-02
6.780761051722664079e-02
6.564563746430281121e-02
7.432003263192257791e-02
6.963886156619025769e-02
8.029720484576614858e-02
7.438749071531276791e-02
8.342813854707742394e-02
8.293915039115518084e-02
8.434884216038937566e-02
9.382068788580966157e-02
9.964695407234103186e-02
9.890557338242160490e-02
9.735015521881677791e-02
9.832504346887560587e-02
