3.718562981660511604e-05
4.024594829387240572e-03
5.852490648643282438e-03
9.174582108844475670e-03
1.353226508063372011e-02
2.222876737402969954e-02
2.923243785035865155e-02
3.090277761140072105e-02
3.683620903928357115e-02
4.029003748145641023e-02
5.074842102789602766e-02
5.105171319612509390e-02
5.902624290759348608e-02
5.878990102389565486e-02
6.883769282979131099e-02
7.197595693286018559e-02
7.481996399468755776e-02
8.277022395940036859e-02
9.228594432925092683e-02
1.070645626362136255e-01
1.138079382291380115e-01
1.001136811794339082e-01
1.097853683369493238e-01
1.162388141677098419e-01
1.226561152017893591e-01
1.220693813612683670e-01
1.333704156603317814e-01
1.358814110074035852e-01
1.301585067262806261e-01
1.418557597708741125e-01
1.457173360090052994e-01
1.514591984152076631e-01
1.804763723176279200e-01
1.919478177875220126e-01
2.039524321167164034e-01
1.969126434326341213e-01
1.860714617883445499e-01
1.856677718307452041e-01
2.019066596992701024e-01
1.965412709489271492e-01
