2.531549673667754519e-04
-1.709631592230032027e-03
-4.977066043818823178e-03
2.725324252411809225e-03
1.351333295411905142e-03
5.753129044425975107e-03
-2.625036656641555229e-03
5.752705509786437341e-03
9.772945852068915321e-03
7.909103288233155019e-03
2.008058299059456431e-02
3.378813667714553048e-02
3.521635448534965462e-02
2.893246038799475103e-02
2.807071208306837276e-02
3.019956508733230224e-02
4.330826911350697805e-02
4.751668370342656406e-02
6.419833190982729421e-02
6.358392624043460173e-02
8.095841826313403267e-02
8.797840922882471659e-02
9.610013403261633003e-02
8.757012828959886974e-02
9.485879763728917446e-02
9.469771497990109310e-02
9.536350993082579053e-02
1.085478928987072267e-01
9.863843874868791217e-02
1.110532706812563247e-01
1.140139042069307634e-01
1.308722622216407783e-01
1.269338182851242891e-01
1.362965411537203353e-01
1.433907206988152550e-01
1.489899632562412535e-01
2.061803684892481725e-01
1.657184877364301090e-01
1.671490191265547764e-01
1.811506569780334530e-01
