-1.951121240308495430e-03
-3.280326808707911910e-03
-2.705632521741918681e-03
2.767510884866908414e-03
6.369355369267993075e-03
1.085331402698628232e-02
6.488608444750099472e-03
8.384441741563363956e-03
8.063223082417891527e-03
1.824048977625096837e-02
2.043200032290854937e-02
1.782012175310541263e-02
1.762505221927597107e-02
1.495840853724388422e-02
2.126559734157638243e-02
1.994652162026398085e-02
2.841033045206131646e-02
2.983772470865915169e-02
3.776223943841898467e-02
4.539511777747691490e-02
4.544793033514622771e-02
4.402426160618233553e-02
5.154439066987777374e-02
4.505095701988182100e-02
5.165852860449149375e-02
5.472910478338235268e-02
5.123412723510512023e-02
6.174142711021772534e-02
6.267168764267409820e-02
7.412722977776127486e-02
6.676844225094384633e-02
7.868602692512922936e-02
7.126505424680260048e-02
7.963219802264234759e-02
9.349359484449167035e-02
9.633253723164898752e-02
8.212160484147545958e-02
8.962751370554258856e-02
1.121926350912474390e-01
1.301448043152816925e-01
