-1.689815475828204639e-03
-1.431157763729906749e-03
-2.224062425104733707e-03
7.209430640926939738e-04
9.308488008944237890e-03
1.022361840696106583e-02
1.509325406716044427e-02
1.737719524534781998e-02
1.238795635416636322e-02
1.908118986546582935e-02
2.607460521171702655e-02
2.364207022563533794e-02
2.930282283081311195e-02
2.918938888039832730e-02
4.503350644702521638e-02
4.858963249515255850e-02
5.212030060806682741e-02
6.259891893486724257e-02
7.488223867657665955e-02
8.268524813763349079e-02
9.060641942457152431e-02
8.036936202347248759e-02
9.981961199635236426e-02
9.830450486895755957e-02
1.150998669311832090e-01
1.233206815765413439e-01
1.433024602019258853e-01
1.505364596845481517e-01
1.574899170299658979e-01
1.539451763476165636e-01
1.429279480908661470e-01
1.528689958241301328e-01
1.587320970551729660e-01
1.579856141198661135e-01
1.721693090769377821e-01
1.728539565525011312e-01
1.800075089985767873e-01
1.908872674994597785e-01
1.975375931317643052e-01
1.959850355945604861e-01
