-5.363180122691879820e-04
-8.750231997677104584e-04
-3.697519358989609546e-03
-1.694249690025628643e-04
5.717741089372907655e-03
-2.251812619915938198e-03
-3.112471150070916966e-03
-7.833638923173680269e-03
-3.456123452367876412e-03
4.583110594310824343e-04
6.755358813009592961e-04
1.453238115824717624e-02
2.544865666167623816e-02
2.571757229981415024e-02
2.993978107848817988e-02
2.528690976434546517e-02
3.573262278394225000e-02
3.315973190566978701e-02
3.552679724716086007e-02
-1.411565438471313813e-02
-1.524797731864282503e-02
-1.947552336721116578e-02
-9.057566002093153310e-03
-1.249898749868521078e-02
3.265958150259962254e-03
-4.714807926404773481e-05
1.063172297935182156e-02
2.201526686612566980e-02
2.718352944314688172e-02
3.752290370024127103e-02
4.565499452730250457e-02
6.279340575501350663e-02
7.732156978510432155e-02
7.763467915408739373e-02
6.643709785919327260e-02
6.873328216747438824e-02
7.133424194411190633e-02
8.957306402157313996e-02
1.067196154686911314e-01
1.161287888097234655e-01
