1.639746732715252706e-03
1.522551161491314487e-03
5.089787686995706113e-03
8.438097002456856205e-03
6.115955933793060413e-03
1.065764888724132255e-02
1.290377675382856602e-02
2.196991454918304637e-02
1.567188222242208578e-02
1.543768344564711015e-02
2.256817318431387706e-02
1.468854099591823149e-02
1.710365849699257979e-02
2.981087999763189916e-02
3.241386636991307885e-02
3.760880829688488525e-02
5.887028158662417632e-02
6.233243878756979800e-02
6.636831777931036236e-02
7.103747416536805581e-02
7.374734482248186673e-02
8.111552744992422959e-02
7.105432969907213292e-02
7.352468346951468448e-02
8.256656274760701408e-02
7.899063396479562293e-02
8.203481562609624134e-02
9.207435573286773534e-02
9.693701679406388494e-02
8.044192289533214080e-02
9.388141307629779830e-02
1.050817730726009841e-01
1.072155288208762186e-01
1.027007398487455730e-01
1.010554566688910000e-01
9.444190466235795334e-02
8.576763744318612048e-02
9.206283452716093607e-02
9.749366620435181985e-02
1.288804921308411566e-01
