1.335250978285529256e-03
4.747840474040287626e-03
4.900686912638008152e-03
8.186580821784871648e-03
1.031645329299451033e-02
1.458599166911582826e-02
1.660480421956123109e-02
2.457697275650474328e-02
3.010728941527673896e-02
3.246808410746666873e-02
3.067471749038048687e-02
3.719574922844372938e-02
3.701223985419090784e-02
4.093851310013008060e-02
4.296276536852587646e-02
5.722045004406339785e-02
5.600946730648104221e-02
5.839964211170354386e-02
6.554063139184052034e-02
5.970390030719556484e-02
6.918775835567032850e-02
8.787219105091423343e-02
1.020463670820902224e-01
1.037858663716065138e-01
1.066292063131470541e-01
1.090285649118072769e-01
1.041271401512034317e-01
1.112155631939288070e-01
1.138346821024185801e-01
1.125765667891926169e-01
1.091398249528310743e-01
1.210312681534219392e-01
1.290198996811540155e-01
1.305021625204005886e-01
1.440130327972951874e-01
1.433537896131724665e-01
1.427971349051403993e-01
1.611521222332186198e-01
1.675945093489843996e-01
1.723049902422985613e-01
