3.224272483054679839e-03
2.638537399663931551e-03
5.208824362603436779e-03
8.680132144593954990e-03
1.652818405751475123e-02
2.079464233392371714e-02
2.370163132752054619e-02
1.262007650695551320e-02
1.050844721377330870e-02
7.538161261899744767e-03
7.791467271569274718e-03
1.385749611511073384e-02
2.998784811464929451e-02
3.197442645634396285e-02
3.437397360284392966e-02
2.586345123570481588e-02
2.184668209150118084e-02
3.618389400102160064e-02
3.756493236444669037e-02
4.315231493328326728e-02
4.095381857674738196e-02
5.210644213659634122e-02
5.671221113880449416e-02
7.234013555220997205e-02
7.892448568040891232e-02
9.470505043901482345e-02
9.999524114219866811e-02
8.564763736735585276e-02
8.652008613378256441e-02
9.672816081399844557e-02
1.104850826241971645e-01
1.062265445686421117e-01
1.197281848073089294e-01
1.095532688486684919e-01
1.235217848914913902e-01
1.483197067233731903e-01
1.485314916190816348e-01
1.493364280193304749e-01
1.420701998004403888e-01
1.490297834605200933e-01
