-4.173886044469554690e-04
3.154642240451899313e-03
3.259465517589177266e-03
3.198138768505032290e-03
1.290888611691087774e-03
-1.187656534654024681e-04
-2.234610268784820077e-03
-3.175089615255899476e-03
2.829266097613469810e-03
1.245365065402381875e-03
-8.138196268393470961e-03
-1.005216118684160165e-02
-1.189308165214697510e-02
-1.610042123267589956e-02
-1.552186623717091186e-02
-1.796666154668145193e-02
-1.044471344619068987e-02
3.120646428033069415e-03
8.609108393079623403e-03
1.944004789739608302e-02
2.173748166357540937e-02
2.352432626404379196e-02
1.509201407164084685e-02
2.304772772356216207e-02
3.265134111261147609e-02
4.215360817858311571e-02
3.720598557524112948e-02
3.832270534674080131e-02
4.031141902364652335e-02
4.114781791982693310e-02
4.619663421264306319e-02
6.457039998115306212e-02
6.979143603297188747e-02
7.642809853948336063e-02
7.047630567012959368e-02
6.935695005451805728e-02
6.488745941770161785e-02
7.109194047838229835e-02
6.758598103530459589e-02
8.133598822059866229e-02
