-2.587746275635183292e-05
-1.918251471573917443e-03
6.279075327977779331e-04
5.004114224419709206e-04
-7.476915440393838361e-03
-7.792859376402816105e-03
-1.963623056266428080e-02
-2.052246634553256399e-02
-1.619474475463817884e-02
-1.543127438163338638e-02
-1.528090411091369630e-02
-7.466935614296232870e-03
-1.267486512330151570e-03
5.261363419089093094e-03
6.422392760052275315e-03
1.574305772438720080e-02
1.232380367289351818e-02
2.044685884259535985e-02
2.576559676651300063e-02
2.445853437876337536e-02
1.971346119225643109e-02
7.816766809884256179e-03
-2.821938073199703641e-03
1.122225882375005312e-02
2.934153896125622080e-02
3.239043037809778702e-02
9.924052851640681461e-02
5.072728243847564322e-02
6.246271066474377853e-02
5.939229682980169678e-02
6.214514226839753380e-02
5.381689561136795280e-02
5.961402354982396623e-02
5.451574894699717788e-02
5.232097348448690177e-02
5.748254638864409849e-02
6.176311332383477293e-02
7.042991143817686761e-02
6.122599912564794661e-02
5.115684627400014783e-02
