-1.078188140135338769e-03
-9.049119984569031988e-04
-1.284217138814014360e-03
-4.121346042753515695e-03
-3.132109903290824842e-04
-4.062128416718024590e-03
-1.111526377427196535e-03
1.020234446622509880e-02
1.420535636185746818e-02
1.350503284806734393e-02
6.149568075719003338e-03
1.095775707661630384e-02
1.703729988654458655e-02
1.952253534219465861e-02
3.054682066776592819e-02
2.521450970522209900e-02
3.118585397986919222e-02
3.237806684570330301e-02
4.048547387918403906e-02
5.285939226069160529e-02
5.146316366488577071e-02
4.492023346240330006e-02
4.365590228710800741e-02
4.820386754263950024e-02
5.374402753474214617e-02
7.352474607850752186e-02
8.573255525018338985e-02
9.380231383991315119e-02
1.126127295214871538e-01
1.230729594184396120e-01
1.256678148029209408e-01
1.304423877101953677e-01
1.355287686206878561e-01
1.477583913771695623e-01
1.616802254142783168e-01
1.887468289092282814e-01
1.911770475395229707e-01
1.755771362919858747e-01
1.834738231049300450e-01
1.983217314164250067e-01
