1.068503686678923302e-03
3.253170863419541266e-03
4.518863141943540822e-03
4.351469618135794457e-03
4.956052087117512710e-03
-1.544772021752294168e-04
8.104307283895906613e-03
5.630879459138782642e-03
1.506628754155769825e-03
2.619760904850920811e-03
7.470985920561190943e-03
1.395207280975228024e-02
1.924022754873959754e-02
1.871436589147350629e-02
1.961875397256420545e-02
2.239355935299016526e-02
2.915251312911664242e-02
4.101890931246998662e-02
5.847609841608516351e-02
5.266417155926603894e-02
6.138204612425113282e-02
6.467042228033789697e-02
7.217123378259202027e-02
7.566022487188490964e-02
8.009609744234183482e-02
8.380394805068078212e-02
5.965733060139370714e-02
5.789186081251784799e-02
5.214468165785320075e-02
7.005236831435582290e-02
7.579210428386602694e-02
7.924302262007074105e-02
8.568341581225524806e-02
9.269146614273893192e-02
9.813712401671637053e-02
1.064034197757791900e-01
1.211499439225974528e-01
1.334559495565997567e-01
1.448583964326502493e-01
1.276510990696493875e-01
