7.862945113092933980e-04
1.684232915594385815e-03
3.816254037925403964e-03
2.688643422084169374e-03
-1.088373892457639158e-03
5.322026230008702723e-03
2.558550772098300372e-03
1.021868380891532979e-02
1.399359962997834793e-02
1.385404464452335595e-02
1.541485755970342132e-02
2.179878188237722655e-02
1.610706075738619486e-02
1.412070562688256745e-02
9.189215902559055849e-03
1.860834033281833031e-03
5.119471210460346637e-03
1.008815011455510557e-02
1.758582913880388926e-02
1.070432195715795808e-02
1.770398561185117930e-02
1.534325842268629073e-02
1.568114955081796255e-02
2.877298183621803535e-02
4.610242828800892312e-02
5.551891581576171714e-02
5.205166873527957566e-02
5.250285958183269208e-02
5.757359260269083456e-02
5.861510765752768470e-02
6.829469942329638443e-02
8.171643970894137965e-02
9.654618275932307092e-02
9.725741576688165524e-02
1.003496967662527994e-01
1.036797215676017458e-01
1.232977216370699097e-01
1.231380816908739517e-01
1.333206578284034660e-01
1.346632470338306464e-01
