1.403725640050979050e-04
1.410496672620809109e-03
-3.719588633876469343e-03
-2.003918139222804658e-03
3.808182251368918752e-04
1.287948606397293404e-03
-4.307641487478264426e-03
-5.495756072242841128e-03
2.666732313713282565e-03
3.385351916176659696e-03
9.909353984228630105e-03
1.398756619564096512e-02
2.539119761140682524e-02
3.982474796170550058e-02
4.053349768303036310e-02
4.723507353293996541e-02
5.825109346697558699e-02
6.398255011584411123e-02
6.769206032534498541e-02
6.966607460961142528e-02
6.208651194496610237e-02
6.343237791846263740e-02
6.949903436441787208e-02
7.407616373557743272e-02
7.725791725678163302e-02
8.991870390750875131e-02
9.455023584971514183e-02
1.104244944480797103e-01
1.300862042758922088e-01
1.158381209437550352e-01
1.371554274351836911e-01
1.307763841142957628e-01
1.456541964681605239e-01
1.510546974399432085e-01
1.727581091414123193e-01
1.811096995204422855e-01
1.932490775051746712e-01
1.800733276866481047e-01
1.893230144659781844e-01
1.843402146300803790e-01
