1.114675934362363606e-03
3.223072488365730237e-03
8.724053782789554373e-03
1.304948657326647846e-02
1.426940937197684889e-02
1.051239184661767467e-02
7.783811467690071421e-03
1.489927532055474943e-02
1.303923239745472494e-02
1.129585623273499095e-02
1.006869899343314570e-02
1.413372625856368359e-02
2.193572924024635856e-02
2.736710609455315218e-02
3.063240838465048840e-02
2.569871176347504615e-02
2.594403908353797375e-02
2.778662683105324188e-02
3.532850728335575063e-02
4.512529475684061431e-02
5.183133693286947480e-02
5.859432064573866228e-02
6.072554984014573443e-02
6.969325820527387527e-02
6.973495498169483831e-02
6.975924640627510775e-02
7.614939904927098269e-02
9.229331224597103756e-02
8.723223841556659863e-02
1.043080248198037935e-01
1.136782996477535279e-01
1.243515518888955312e-01
1.327533556622086108e-01
1.389334451226147960e-01
1.374342774099147901e-01
1.600923408582786978e-01
1.818130655860272782e-01
2.377139239301243323e-01
1.904748110326721644e-01
1.840111864820869469e-01
