-5.841472544167558133e-04
-2.128423237957477454e-03
-1.832843716559295856e-03
2.119349559819738607e-04
1.761507109587512289e-03
4.898618057708858942e-03
9.101176930123244802e-03
1.730296918800462366e-02
2.359910270555758485e-02
1.503958817734627439e-02
1.633279530410476285e-02
2.266694332152496827e-02
2.483417953339710563e-02
3.295805875831518683e-02
2.960127328426267329e-02
2.410190135579739351e-02
2.767377874787939687e-02
3.220543664848776050e-02
2.374087375098667824e-02
2.810523185200395485e-02
4.386098260363553714e-02
3.270001659172692282e-02
3.418400323641037492e-02
4.668273038690244625e-02
3.892286596565099760e-02
4.665464894930835410e-02
5.301976546460877848e-02
6.344836115172255986e-02
6.924949788238735082e-02
7.305730314845390594e-02
1.209474101698305021e-01
9.153786042197395445e-02
1.026794085837707399e-01
1.125531662719168879e-01
1.251581148966067758e-01
1.424471702178010390e-01
1.476484012698648374e-01
1.658411452907586070e-01
1.641779585988643875e-01
1.654537541899799291e-01
