-3.065265120696381018e-04
3.308962082998867689e-03
5.119901955116645982e-03
7.738490286083888128e-03
3.553948581546961978e-03
1.555100952301131587e-02
2.423890381109288297e-02
1.823151075408446786e-02
2.044683387055244023e-02
2.655254101744475292e-02
3.116452643506448933e-02
4.064770641019066488e-02
9.520701142701711028e-02
4.717103353612372985e-02
9.919941989087703582e-02
5.376474695317483288e-02
7.791475602029721004e-02
7.343981335497176688e-02
7.746996201052809561e-02
8.173107344140362329e-02
9.894557941241259591e-02
9.601792521351057430e-02
1.022916518203629693e-01
1.118000620667487510e-01
1.066475621042428656e-01
1.062514378603026388e-01
1.119242593007299946e-01
1.180653325876562521e-01
1.384594164296373831e-01
1.522692179730171236e-01
1.623054195831542812e-01
1.814938679175497893e-01
1.876452593419287440e-01
2.126380671709000580e-01
2.140156764463768124e-01
2.285522715776977520e-01
2.381287659082857999e-01
2.591431777652530855e-01
2.803846324774582621e-01
2.890162084877971327e-01
