-1.434507430527354232e-03
-5.193773029482073519e-03
-1.193783059580510981e-04
6.280072671413705274e-03
1.034794138442549603e-02
1.099304568198746813e-02
1.396928338905425483e-02
1.002764832330882427e-02
1.424321038471987322e-02
1.488691380546782773e-02
2.093897061714358049e-02
2.288347095984732960e-02
4.394046149898968995e-02
5.601386220415634221e-02
5.635519389601455209e-02
6.475008136368103073e-02
7.289398763482210497e-02
7.837254992881810545e-02
7.878671721716727638e-02
9.235624582232730695e-02
9.499344864721877280e-02
9.775979170620985315e-02
1.137309076568442379e-01
1.229293384828594043e-01
1.348514416184770082e-01
1.508743799566389099e-01
1.567272408215501511e-01
1.535665858244698312e-01
1.585662336074563084e-01
1.518420962867224888e-01
1.471556508827660537e-01
1.489588785555838457e-01
1.474655951180721958e-01
1.556976010344385541e-01
1.628974688930043269e-01
1.739542813967318580e-01
1.958461750284385405e-01
2.144871511421286014e-01
2.155475346796748570e-01
1.999389225345623855e-01
