2.270395730999297148e-04
-8.929319806028956702e-04
2.879905615843014917e-03
4.370974769281587777e-03
3.853080874040415611e-03
1.507895449424339132e-02
2.394169529488578835e-02
2.328176457814663466e-02
2.365253965237314876e-02
1.888682769792211433e-02
8.508002575094052861e-03
1.394451266550760307e-02
1.266949622714435078e-02
1.935246443143512352e-02
2.512976714918977589e-02
2.199977004698751987e-02
2.879292483415269929e-02
3.158562077771307625e-02
3.556000359960762719e-02
3.757215808039689187e-02
4.144955576991264656e-02
5.856517005074124427e-02
6.012496195820062755e-02
7.195967236325487293e-02
9.355445424638446361e-02
9.095105416172657997e-02
9.106542033720473051e-02
8.899340042314918264e-02
1.066795768838176145e-01
1.245157252729228448e-01
1.346584276922669632e-01
1.356207772737889061e-01
1.490485672024277619e-01
1.545227509687180090e-01
1.571762241313479080e-01
1.693315928188383057e-01
1.727392910931058734e-01
1.891469524505595134e-01
1.862916176826587278e-01
1.989057838811021384e-01
