1.549911596762765242e-03
-5.095267806218828355e-04
-4.216375684766404675e-03
-3.893053299911741760e-03
-8.588854244902677931e-03
-4.275906189533884572e-03
2.584267011835095305e-03
1.097599915226652421e-02
1.078099305584743171e-02
1.003637229346878747e-02
1.546161018982417090e-02
2.292657150505163915e-02
2.942632172017169839e-02
2.909565534078097787e-02
2.285043898602907506e-02
1.806838986879739581e-02
2.746366345643309545e-02
3.741939373852289780e-02
4.905071797665812305e-02
6.299275956253609643e-02
7.998925470560039330e-02
8.772368746686823315e-02
8.890631764662941527e-02
9.743521686731640430e-02
8.925951864397915769e-02
9.593967444984911885e-02
9.971970378917945077e-02
1.112691653203597697e-01
1.085593128391309364e-01
1.072273345808667927e-01
9.699967291307416695e-02
1.056457211496024257e-01
1.145965027445157575e-01
1.172124789891995505e-01
1.341607618217580122e-01
1.477074863646691827e-01
1.464759960496337388e-01
1.420099981977642756e-01
1.504182595080152396e-01
1.502987065407125900e-01
