2.665217997374291986e-04
1.340253757771137089e-03
-3.732973438506093089e-04
5.579764063418224743e-03
1.396918709980568031e-02
4.365696396051532355e-03
4.257141268515595919e-03
5.914141079240664740e-03
1.336555750866636957e-02
2.334918904316935981e-02
2.120619919829067751e-02
2.290675667197490314e-02
1.983770546242453678e-02
2.218821609098142744e-02
2.002837416345073368e-02
3.164757188753952732e-02
4.131957120745823747e-02
5.241115024193732097e-02
5.630992672769537244e-02
4.668553307052434459e-02
3.433613861910487369e-02
2.970703288763729827e-02
4.086876391455120799e-02
4.771839647686135916e-02
5.537056032054863547e-02
5.763820676520481356e-02
7.000420130673604135e-02
8.142358671685485938e-02
8.611373741034071549e-02
9.566586676090764463e-02
9.388823932453646548e-02
1.074115012570558692e-01
1.203876644093639925e-01
1.315569419410707042e-01
1.592381047014725937e-01
1.716116001967691318e-01
1.842837330969530341e-01
1.918553933492660180e-01
1.964022771680959123e-01
1.935490413186101988e-01
