-1.484650371060958120e-03
-5.040634219017015027e-03
-7.906666361834879461e-03
-6.763437327533950230e-03
-1.032313794686672351e-02
-1.284804308309475153e-02
-9.670627812271704107e-03
-8.681279025712741043e-03
-5.506782934232035479e-03
8.786056939513286600e-04
2.730142259156309766e-03
4.226729835104947250e-03
1.477109096891240404e-02
1.270722820330973980e-02
1.267603116948521312e-02
1.298993527584571019e-02
1.408692214350821745e-02
3.280526632448754580e-03
2.331489821747822957e-03
1.095180807410258729e-02
2.827710311537430174e-02
3.432940081866604765e-02
5.098303444698615294e-02
6.091688752300968013e-02
8.280290550856932164e-02
8.810628594042099748e-02
8.864585690932642870e-02
9.247118412771442031e-02
1.017674307102169051e-01
9.666351674782162895e-02
1.077959517492132618e-01
1.129467023849713286e-01
1.235128553669426338e-01
1.340525531998451869e-01
1.446460460626894928e-01
1.515558729836556096e-01
1.538171347091548680e-01
1.698380265448520277e-01
1.659594955819471696e-01
1.675595643673602753e-01
