-5.534948728323386014e-04
7.812351366075276143e-04
1.351084352553755296e-03
4.395846790492896963e-03
9.995259028730885120e-03
1.059987285175694252e-02
1.619336235094550464e-02
1.786344002133120196e-02
1.759492241855014141e-02
1.819313276693606055e-02
2.232912417486687673e-02
7.260808347248257077e-02
3.404196468277263105e-02
3.259861279300366871e-02
2.735705138031647651e-02
2.413042226839366006e-02
3.343744339564409807e-02
2.684910225287637925e-02
2.935203468113911640e-02
3.367392712707726471e-02
3.316799318136531838e-02
3.588818564526548294e-02
2.279247347837269969e-02
1.519169089955312371e-02
1.595794851545235746e-02
2.671742300411779000e-02
2.406438069777721081e-02
2.618393986147395797e-02
3.021563963092717062e-02
3.889450651953439003e-02
3.822157927635316810e-02
3.544555064106873210e-02
4.230783819575378857e-02
5.847453983822674395e-02
5.786922551489510902e-02
7.167485543755844346e-02
7.798747492720110863e-02
6.431130063564297061e-02
6.373754732233009868e-02
6.922338407785275094e-02
