8.708086713791196587e-04
-8.680336018734635456e-04
2.479957455239656275e-04
8.404266420448891712e-04
1.937766415888120220e-03
3.026952663510940273e-04
4.519619787971151763e-03
4.107698176525786840e-04
-1.351444111443811467e-03
6.173433282603469144e-03
1.087313636972595497e-02
1.834150197306314706e-02
3.093476259986118609e-02
2.580433277488225485e-02
7.572273571671246650e-02
2.266135162126943145e-02
2.757224452932121109e-02
2.504607867315087472e-02
7.921439514847464225e-02
3.572010393156688224e-02
3.069027670963748664e-02
3.560544807595818206e-02
5.004964570755703057e-02
4.678374181174831115e-02
5.083919479546920861e-02
6.355595516837694858e-02
7.412343970698316575e-02
8.003728200704074425e-02
9.267933239352998953e-02
8.865666390112778017e-02
7.930591572173284476e-02
9.185533758965221118e-02
9.899601991448606086e-02
9.757085032897520882e-02
1.053470711250952263e-01
1.120509538351228684e-01
1.251610198275074082e-01
1.308288943706656937e-01
1.294980967982667097e-01
1.291911266074436127e-01
