2.954219587654627224e-04
3.395871507320080869e-03
5.714927137866254725e-03
6.218272430120208930e-03
1.085797531904972822e-02
1.123897696328555150e-02
1.245937086659196745e-02
8.709625404931387385e-03
7.546798351077655190e-03
1.065694995092627585e-02
1.029147445565143856e-02
1.973275815421544552e-02
2.759333579484035681e-02
3.211311655552435973e-02
3.076794779488096696e-02
3.933111361492507008e-02
4.632241349215462239e-02
5.139837213047826481e-02
5.991777183066630819e-02
5.561132568490165934e-02
6.353240081317608479e-02
5.530721107787144042e-02
6.632253580705764484e-02
6.985301713634442522e-02
7.220461165800032277e-02
8.244844457362887624e-02
8.677526767180836209e-02
8.911294393844855499e-02
9.406111843370865144e-02
9.761124837658599618e-02
1.064818444372605255e-01
1.182931815427934880e-01
1.403435226710484929e-01
1.381440509344741829e-01
1.362553607422057611e-01
1.503585793521125535e-01
1.637851754004941429e-01
1.697791726376294830e-01
1.769833525640933658e-01
1.776323916419215720e-01
