9.213708553463817181e-05
1.658946777061842725e-03
3.298277490769763003e-03
-1.481267719373846603e-03
5.530170047004645886e-03
7.926738620697194176e-03
7.976286072091909665e-03
9.529151367472366366e-03
1.000635345019702457e-02
7.099778950660606824e-03
8.185483930736836902e-03
1.396111887521982522e-02
2.067568363376750401e-02
1.792245233050522232e-02
1.671839113401603003e-02
1.467478835434405868e-02
2.228630882093938365e-02
2.277077470959056743e-02
2.136692292492625711e-02
2.368196429338240844e-02
2.971301086458595295e-02
2.262976498680302484e-02
4.544300133961769184e-02
6.070372835237378834e-02
5.672425862735223923e-02
6.224710502075936347e-02
6.013448114238144349e-02
5.775256602889271285e-02
1.054402904290867582e-01
6.077521135030963112e-02
6.720163273420495798e-02
6.720062342837138103e-02
7.970199996873646164e-02
8.990502181756028499e-02
9.551561831359264843e-02
9.958047371003146686e-02
9.447945875458003961e-02
1.031326463895908263e-01
9.822981652054636748e-02
1.072336808547191822e-01
