-1.239840285105486828e-05
5.127574491913122409e-03
3.133227275230154787e-03
2.695075427515547604e-03
5.128582049620434083e-03
-2.363454334190606687e-03
1.981319026245387423e-03
1.327339129087761263e-02
2.155128336763425384e-02
2.655136454333586332e-02
3.942014200331271645e-02
3.456580909842728311e-02
4.164134014015559437e-02
2.971474331471170988e-02
2.974052868579235565e-02
3.130594762846925644e-02
3.468602077599314271e-02
3.824303901732832578e-02
4.165233255847340665e-02
4.080805338678885480e-02
5.897040735643201831e-02
5.994982431709842963e-02
7.345253228109527299e-02
8.626502632340589394e-02
7.887871719002817472e-02
9.707489059665590225e-02
8.085407164635398380e-02
9.671370105151595731e-02
8.547765370232127125e-02
7.951051838936962213e-02
6.616728748639388868e-02
7.541560810049645347e-02
8.450683157141156143e-02
1.008052542459353107e-01
8.354579492726088574e-02
1.044004267210482395e-01
1.088081672432167635e-01
1.085285764648858675e-01
1.075250553006611709e-01
1.173372704817069179e-01
