7.039231474292861890e-05
3.482994814814155491e-03
1.174090556047602306e-03
3.638213057794814458e-03
6.338465808629223201e-03
1.438578608667953097e-02
1.499865369290418436e-02
1.540949002192633019e-02
9.776737419355186615e-03
1.517684264023983973e-02
1.702842343187143184e-02
2.014417686595493251e-02
7.193344063393851406e-02
2.735082994474851217e-02
1.223076893732724137e-02
1.705745586439064848e-02
1.778792727748168545e-02
2.846639037202578632e-02
2.606837946955806867e-02
2.764335917003677562e-02
1.535805858318326465e-02
8.924104941019094656e-03
1.289293053949620502e-02
1.733347811403973537e-02
1.656226503888547086e-02
3.081153678179475788e-02
3.424951800077167402e-02
3.940219720871311615e-02
3.967467114408122775e-02
3.979596131625271621e-02
5.117714132173319108e-02
4.054924047504755713e-02
4.693296616832469403e-02
4.819398873347893048e-02
5.074127210098709068e-02
6.680028691024801624e-02
7.235836894824956844e-02
8.707033115518356126e-02
9.308019239818463020e-02
9.058208454566454848e-02
