1.596008760890921339e-03
-3.094460478333616255e-04
1.148267919453616016e-03
9.390530712437339172e-04
-9.571681575579304557e-04
2.181715060465450225e-03
-5.563271354724008905e-04
-1.274231152255822551e-03
8.632113391426799245e-03
1.842884299151990174e-02
1.733947360801266907e-02
7.153602897077319944e-02
3.063451544497013471e-02
4.210485565614448256e-02
5.018105768637894787e-02
5.000827845890683243e-02
5.466037188787140760e-02
6.004496996763179772e-02
7.789915329854010806e-02
7.995860977856068808e-02
7.735389073865520104e-02
9.507448038179688865e-02
9.366620683344421827e-02
1.051445060262608394e-01
1.084518948982122338e-01
1.168950997669782055e-01
1.166966332336244194e-01
1.170656618936249116e-01
1.176879701786646137e-01
1.237174681740270954e-01
1.229877937214041567e-01
1.298637199674942677e-01
1.294381031905345592e-01
1.416036406829448424e-01
1.502253285665204885e-01
1.722337446999261945e-01
1.964246875187086461e-01
2.112867358244500393e-01
2.237624546759150179e-01
2.308219151692952609e-01
