-4.126189094396437223e-04
1.864750657279756806e-04
-6.367564084897026078e-04
5.091932911847863244e-03
8.816697052804300938e-03
4.343348792094303690e-03
1.155992384599358004e-03
-1.202509689498754142e-03
-2.834330280208518962e-04
-6.192690138304613248e-03
-1.606682618458421421e-04
1.271050731894263208e-03
8.626364164621235994e-03
-6.440427263730441436e-03
-1.908717845962826145e-03
4.524482475682134117e-03
7.880133335126516050e-03
1.634381143580298981e-03
3.618715706568309716e-03
4.936447273388466436e-03
2.914481307766436484e-03
1.503918703145075073e-02
1.786808710514264931e-02
2.396235802308694859e-02
3.082253603794526953e-02
3.605444893134688439e-02
4.294147920046213762e-02
3.879649774397080086e-02
3.358536913512466526e-02
1.371960876027742381e-02
4.077346430071315808e-02
6.432686199239583125e-02
7.978475278324026476e-02
9.759455617851528486e-02
1.192805231296091562e-01
1.363614785517796579e-01
1.491102769356189017e-01
1.483834425870526330e-01
1.473071772498258381e-01
1.734836468315904823e-01
