7.431642429690299206e-04
-4.389115058254233759e-04
6.339571969839497348e-03
6.951681976663337363e-03
8.908741298354528118e-03
4.578323871296419156e-03
8.392784995459123473e-03
1.484051006186604127e-02
2.642104796922666379e-02
2.849433211356568879e-02
3.571232743410916732e-02
4.127493748641057614e-02
3.906747215403783002e-02
3.823261097840884026e-02
3.296930163777887085e-02
3.139349792378709481e-02
4.625895075167534010e-02
6.134892632456399181e-02
7.854099323804746013e-02
7.525543110909324596e-02
7.129084831386478527e-02
8.333854280865579667e-02
7.848747686754223296e-02
7.215057726979808017e-02
7.729934819801087542e-02
6.772479805252658303e-02
7.347805608822569057e-02
8.169513626903893155e-02
9.730196683696590298e-02
9.407936560108964841e-02
9.948116171955803666e-02
1.122554555014573935e-01
1.175812812793736867e-01
1.351359599706597747e-01
1.334960555368866209e-01
1.474534098779884117e-01
1.537787146969492313e-01
1.683281673389245836e-01
1.755737823920782148e-01
1.709613202909849861e-01
