1.400573502020652271e-03
4.277991982761441755e-03
3.256425007449692630e-03
1.200345111396217135e-03
4.121814979408356186e-03
8.843043596317556182e-03
1.111425041319975479e-02
1.352374556256705738e-02
1.398238682261734346e-02
1.507924065673620431e-02
2.774967858567123358e-02
2.885726629841372029e-02
2.391217546542208014e-02
1.266471201909808927e-02
1.261496699764137405e-02
1.492679668830021456e-02
2.768832750763863121e-02
3.918886959413327847e-02
5.740958222613130879e-02
6.456657815512585608e-02
6.811442978779211344e-02
7.220987022830627211e-02
7.493867431764442144e-02
8.658629370651169110e-02
9.644304787125861089e-02
1.049786993884225667e-01
1.069983648828781442e-01
1.143793870589291800e-01
1.292832886309554508e-01
1.469614748697466722e-01
1.569173259706161672e-01
1.717928382872258852e-01
1.724824038380262381e-01
1.765577784285653762e-01
2.064999594439314023e-01
2.078405009682256777e-01
2.127796584200041252e-01
2.222108253366855135e-01
2.225044033224634066e-01
2.298289290634272786e-01
