1.220036765028442802e-03
3.026906870833023962e-03
4.307480833059073796e-03
7.677395621996652153e-04
-8.592065862409014720e-04
6.878611235907073143e-03
1.030022614486014731e-02
1.410977434812110687e-02
1.692856113930929496e-02
2.457394910983907652e-02
3.624486398344117788e-02
3.899531339488504500e-02
3.740570820978916800e-02
4.080607005595311698e-02
4.826622673328841845e-02
4.998011011789600666e-02
4.957086494630971035e-02
4.653050740627122372e-02
4.189745160666973056e-02
3.412299687325628245e-02
3.347255347113957391e-02
4.386185141677003546e-02
4.625167789029092230e-02
4.912111614640934931e-02
5.375534910347141981e-02
5.520244529822661977e-02
6.068740790345827918e-02
7.453420068249272390e-02
8.579557026986037171e-02
8.200890637331781363e-02
8.689386352164660265e-02
8.795115917974953568e-02
8.619300744815916460e-02
9.082428013760193708e-02
8.911765567943064070e-02
9.947805878091173226e-02
1.011103549310917032e-01
9.927261407100615442e-02
1.033941168409995698e-01
1.087152139384102156e-01
