7.037602465644887673e-04
4.969750489980384600e-05
-1.408254629910388233e-03
-1.262346326022623197e-04
-3.845133882560247685e-03
-6.869839879598771404e-03
-8.807902907108200452e-03
-4.008403669820382112e-03
1.414778630424962016e-03
-4.336119140191385668e-04
5.659490771677156296e-04
2.626251164481630158e-03
1.027378519854522596e-02
2.488034465713013718e-02
2.711006710571410919e-02
3.395199419509822153e-02
3.990105676718371658e-02
3.713743296108305142e-02
4.528676971871163637e-02
4.445251215522318805e-02
5.568859433074067194e-02
6.524454241508408081e-02
6.653632904885001254e-02
8.508582623570930259e-02
9.378617254010634952e-02
8.431784811728278151e-02
9.400565858556149401e-02
9.928099645208021684e-02
1.026441108868709762e-01
1.022616215111781940e-01
1.141482446498031378e-01
1.036656075682685640e-01
1.173899679192800249e-01
1.431744349033749475e-01
1.146394630459468544e-01
1.244220058361747705e-01
1.217056222984183450e-01
1.270175840350162844e-01
1.231440499050791004e-01
1.544787843908778657e-01
