4.485238426894966215e-04
3.167640004363647677e-03
6.174515989849993849e-03
2.354682490632598220e-03
5.969237123422033511e-03
3.523533668153788941e-03
5.017987005507507439e-03
8.395462030101441542e-03
1.454495161884636865e-02
1.834679399238439007e-02
1.583555758042365369e-02
1.903828266157461119e-02
2.392417663566703823e-02
3.533156527590506496e-02
4.118284688056235432e-02
5.907981936931890055e-02
6.393987081159480113e-02
5.885703015747765360e-02
5.897454586721835590e-02
5.684242483378625088e-02
7.691234514749964446e-02
7.474143529532568941e-02
8.116522969712605673e-02
7.731527021655608400e-02
8.316031887284225377e-02
8.531585085483187059e-02
7.737742012612329467e-02
7.149968398263126246e-02
9.412209716749657396e-02
9.429031275796546929e-02
9.479264143426746614e-02
1.127739514847490854e-01
1.034345549965848959e-01
9.967971131542299745e-02
1.084034689749216740e-01
1.097046757086104635e-01
1.237082893065945682e-01
1.487923660716575225e-01
1.570812800765367112e-01
1.616573871292359965e-01
