-6.072716587611992839e-04
2.039801667832463750e-03
-3.802010597620863802e-04
-4.615698766876619175e-04
2.658846885749710422e-03
6.363485510218680127e-03
7.757218877278404187e-03
1.068124200877917929e-02
1.420133513811805415e-02
2.911263750108048637e-02
2.578766204254918579e-02
3.201375085592701730e-02
3.558454222680751400e-02
4.437669172074691637e-02
4.448765506708980688e-02
4.968509923734813760e-02
5.670501245465402185e-02
6.220971479409911215e-02
6.430859606100228221e-02
6.177441658954023473e-02
6.348244366316180276e-02
6.923130185236345269e-02
6.625123857374717873e-02
7.954147479870243842e-02
9.599028144945691288e-02
9.997496814636405715e-02
9.335393920476633967e-02
1.000140149323897332e-01
9.718563812618299935e-02
9.827590180178447099e-02
1.006863113946224048e-01
1.190639860627584340e-01
1.273444800813166577e-01
1.406050207365268645e-01
1.570250716129578394e-01
1.623930773447995191e-01
1.680356054925340459e-01
1.834550805325278477e-01
1.963614910013859460e-01
2.050529951651867688e-01
