2.038168773902171492e-04
3.470801076556284670e-03
3.365130032346996640e-03
1.007615224907460957e-02
1.935398938533055072e-02
2.201264846227104360e-02
2.116146130439204923e-02
2.248546160379589695e-02
2.059624373852102577e-02
2.794664081268933772e-02
3.171040341308497407e-02
3.109672178457998509e-02
4.522571520077036528e-02
4.550935863663312098e-02
4.723973509633623558e-02
4.040252738462157822e-02
4.713968946054478831e-02
5.167434180011696437e-02
3.963943248389796559e-02
5.948278808682801178e-02
6.813075859944320301e-02
6.441486010006655660e-02
7.812617797940220321e-02
7.585562225551996385e-02
7.079669352494306900e-02
6.919356333191899189e-02
8.617880392288554403e-02
8.545192890800593077e-02
7.768352937959832616e-02
8.579860270646691434e-02
9.921093638971853479e-02
1.085831733426658730e-01
1.174210257051328254e-01
1.232110861999615309e-01
1.152042463267037020e-01
1.212821727374375769e-01
1.577614572891178624e-01
1.296483774031940983e-01
1.421899729016786185e-01
1.419041467465262940e-01
