1.933257229040918901e-04
3.424890659283974514e-03
5.467474790686566513e-03
9.223237571384147043e-03
1.442613124100873209e-02
1.578312437086069192e-02
1.666284212868660713e-02
2.580523393348244099e-02
2.694057300205941058e-02
2.238990271351610703e-02
3.281726760482826105e-02
2.663176830432831960e-02
3.839655419766359323e-02
4.362181971629013055e-02
7.119559148742667098e-02
3.751791524993138005e-02
4.394176909995621549e-02
4.172613837305050311e-02
5.199396522753261390e-02
4.909936295185559491e-02
5.264362225173328802e-02
4.795205118014109896e-02
5.925474115006749976e-02
6.878800346386526599e-02
7.898859034181952843e-02
8.042306328457585196e-02
8.658089645204825047e-02
1.013249301124460600e-01
1.115882194778976128e-01
1.211417571186188952e-01
1.244224604713195931e-01
1.331862361955927498e-01
1.326714849608919278e-01
1.471959436952232636e-01
1.615862289145496844e-01
1.753172705126360142e-01
1.777023426657763083e-01
1.946362095703676742e-01
2.114236228878866031e-01
2.134212895204342375e-01
