5.571629994513216605e-04
3.996140081964405337e-03
7.804246218364951915e-03
6.758153892815243861e-03
5.732858503512972166e-03
5.757392165463030842e-02
9.779495020649165565e-03
7.755925904605475915e-03
2.059665516061386439e-02
2.729403609362748145e-02
2.944375271056287602e-02
2.993495540403898897e-02
3.379953163799740562e-02
3.504582150406463509e-02
3.764036157582210940e-02
2.805395737662763622e-02
2.725414764259994488e-02
3.957315178244869003e-02
5.255462981836274416e-02
4.753894738466897529e-02
5.226410389330453377e-02
6.087562527878844637e-02
6.697396353087015086e-02
7.530072342555342579e-02
7.813132801179563380e-02
8.223772879423166260e-02
7.936793024154553677e-02
7.817056894627398556e-02
8.671607084878588112e-02
1.002517848851908894e-01
1.035393928466874086e-01
1.636565301982557119e-01
1.272182408163189393e-01
1.390971210096950128e-01
1.610660218252604747e-01
1.627935816988326789e-01
1.567058656152426066e-01
1.668196470798704867e-01
1.697682518988386791e-01
1.821537014782848019e-01
