-2.029737602158921024e-03
-1.534457308239645101e-03
2.249994188476023369e-03
4.283297219485148952e-03
2.842208999823725261e-03
8.041567129644988654e-03
1.175284319946428083e-02
9.449904400555908177e-03
6.793653611505590280e-03
8.432377371605070948e-03
4.463988308350508652e-03
1.162103784827479488e-02
2.278474975022675222e-02
2.998192738120195738e-02
2.828188438624152853e-02
2.610489233288717376e-02
2.449394439051957167e-02
2.446892133548033213e-02
3.078482607177192992e-02
5.004631705895121879e-02
5.602970828919637963e-02
5.594923657142487905e-02
5.561680526294025817e-02
6.386092580294189247e-02
6.932635071356969825e-02
7.206030570155519399e-02
8.768967606412161886e-02
1.011855339173848706e-01
1.095348591954234535e-01
1.071293848461351700e-01
1.043315436382300787e-01
1.066445559321238107e-01
1.279497194194561815e-01
1.339245719373195753e-01
1.482091317291974464e-01
1.505812888306024833e-01
1.537962485468966634e-01
1.460035920332018178e-01
1.420641009826340562e-01
1.392815424949844783e-01
