1.068978772482065452e-03
-2.468910265788615450e-03
-2.994781627744203152e-03
-4.778344992101324178e-03
5.418597917992684296e-03
4.082470117718628617e-03
4.626542931561061778e-03
5.180026620436705819e-04
9.401125314724368071e-04
-2.165014811964738328e-03
-3.153994658218550653e-03
-3.516988564672374369e-03
2.816420547613063437e-03
1.322696958217903750e-02
2.241701061132204270e-02
3.239290642036252166e-02
3.872935372858136993e-02
4.312405513306316607e-02
4.664936855372161378e-02
5.949172557039332510e-02
5.848149202379317874e-02
6.714435793279846520e-02
7.973199807091475855e-02
8.341463339140205158e-02
9.182260382247875441e-02
1.068377650498803233e-01
1.062932163851797868e-01
1.198997498378702176e-01
1.368721286483861321e-01
1.450843062021277829e-01
1.555205366262953359e-01
1.658120286272605770e-01
1.805901915000561186e-01
1.771874424994393793e-01
1.689838197254658891e-01
1.751700243192772233e-01
1.879356066182083507e-01
2.115934139596305497e-01
2.184879647624001220e-01
2.289735875367512052e-01
