-9.475860127957424833e-04
4.753649768407086748e-04
-3.440638450621591460e-03
-3.484947433359053461e-03
-8.934727462972347906e-03
-4.349093923883629378e-03
-7.724247385839077759e-03
-7.096901464717575263e-03
-1.316160442727323278e-02
-1.215365806956469896e-02
-6.561714114234007411e-03
-1.055535432301866160e-02
-1.340086740299284429e-03
-5.004983396790407997e-03
7.566784538468596111e-04
8.239835683501440383e-03
2.055692134944138091e-02
3.023010419324521220e-02
2.366064958487470310e-02
2.681031089744010526e-02
4.079627870766842218e-02
5.012953563066276097e-02
4.833407122896744845e-02
5.682887477148312882e-02
6.264390022101906652e-02
6.110876768017305810e-02
5.275051747423162990e-02
5.221961469372615738e-02
7.178355611505651823e-02
8.837129968701162852e-02
9.194046153256749121e-02
8.106391406359989005e-02
8.416301443110682512e-02
9.889191843353443978e-02
1.088169772072973274e-01
1.269395689687968232e-01
1.320792905408751383e-01
1.478687780329124846e-01
1.658237698789974957e-01
1.666669846321212900e-01
