2.687049005670383382e-03
4.279225050590795658e-03
5.707868277181305308e-03
4.486671740873049777e-03
-7.455875686474655161e-04
-1.994042147954644319e-03
3.679126596315285356e-03
1.020889582733275347e-03
-2.978243146871761924e-03
2.583523146272170921e-03
5.296271486069770336e-03
1.096638595186476620e-02
1.303094848126136115e-02
1.609228821848916052e-02
1.473932169431009173e-02
1.765539527668522762e-02
2.544258533933145897e-02
3.263273857745048467e-02
3.578633008046381431e-02
3.755051994580185099e-02
4.396323896178557650e-02
4.981697042006203585e-02
5.272667004149979991e-02
5.291068658838184863e-02
6.030067577260354167e-02
6.350399127762500207e-02
7.615724395510596600e-02
7.695086238373960441e-02
7.682674104418936445e-02
7.334423207298926273e-02
1.337269256298299069e-01
9.801272277801161004e-02
1.076378126575633642e-01
1.231124892275772681e-01
1.381603095349987487e-01
1.391643815081153035e-01
1.606291829833423890e-01
1.505936260209694011e-01
1.449895659888795763e-01
1.391894447033337201e-01
