-3.907830466030936872e-04
-6.327649560954994989e-04
1.338830641964250476e-03
1.521536484204233331e-03
4.909609376264967642e-03
5.329718951530537305e-03
1.072624313936216753e-02
1.677501789576467742e-02
1.452784677363041545e-02
9.400249160138684709e-03
1.877130338513666120e-04
1.205399179045088011e-02
1.640289999479023139e-02
2.393230417820859518e-02
3.829566287882357756e-02
4.779340286722231351e-02
4.537037882454342252e-02
4.799503348853591256e-02
5.668937064878036558e-02
6.473607598184116796e-02
7.212075636039116944e-02
8.270840059323632254e-02
8.423725712674183519e-02
9.231766630175855526e-02
8.983785062542892774e-02
1.054263228866545860e-01
1.016750621407027239e-01
1.085580540532561089e-01
1.084870153940528381e-01
1.309967109899645155e-01
1.394843069359467391e-01
1.453291073007733358e-01
1.544878305479528424e-01
1.675734490025263257e-01
1.891989777147017604e-01
2.030256146162542907e-01
2.171185120282927983e-01
2.185894471605422384e-01
2.150158769856375385e-01
2.174889361626952677e-01
