9.971879297039798907e-04
5.032827952683405388e-03
6.209237499255948478e-03
7.497310011157764902e-03
1.289709655400557084e-02
1.449820805562396231e-02
1.587888771690728479e-02
1.030749614448183207e-02
1.435407868332845213e-02
1.075472825696550602e-02
1.762089943080553597e-02
1.320536307470092721e-02
1.270739649990986278e-02
1.450161019678262130e-02
1.683586906876826175e-02
1.376101422302156152e-02
1.254508377965066722e-02
2.004705187886202111e-02
1.469025266823109632e-02
2.769760062356283609e-02
4.127499372718546056e-02
5.181190298089575347e-02
6.321920870121858216e-02
5.687784372331918664e-02
7.388209664650843833e-02
8.141641240393085455e-02
8.859577769731288854e-02
9.563943489189341562e-02
1.072488372081693286e-01
1.226550855724212880e-01
1.119858789386285053e-01
1.317455162066380470e-01
1.368172300253604479e-01
1.453861424702324601e-01
1.498126812019762721e-01
1.495017798724859459e-01
1.579466009775188640e-01
1.615848649695209305e-01
1.724727676478863825e-01
1.752253985145870163e-01
