-8.813993019836097176e-04
-4.615605786515430828e-05
1.702875287307392628e-04
-1.199779377974863424e-03
-2.066169044648802529e-03
-1.787611768892816101e-03
2.329880751982216398e-03
7.367830871358194492e-03
1.591295420872427396e-02
1.666569130808994575e-02
9.215384860031861775e-03
1.022414132813906883e-02
1.466034687412758400e-02
1.460116232161681217e-02
2.995383766243122498e-02
3.864780968913663489e-02
4.498497007440675766e-02
4.537295328485128898e-02
5.178332424477218726e-02
6.566310394064486800e-02
7.139351792436628152e-02
7.109369869814656517e-02
7.426820479795423480e-02
7.306936339259095803e-02
8.547066344218592904e-02
8.970254472261843248e-02
1.008165704627486947e-01
1.100365453103989977e-01
1.170605630288122229e-01
1.232519879312093253e-01
1.263650813459122335e-01
1.593013764035134672e-01
1.550682017228325604e-01
1.656497937357471473e-01
1.704540502951914505e-01
1.785885417603765291e-01
1.841727121678843615e-01
2.031955715186569422e-01
2.189257740075902237e-01
2.081512590501830573e-01
