-3.883635017194464467e-04
9.699098994227384630e-04
2.575159395899362380e-03
-2.006381031550574876e-03
4.888743660949756813e-03
5.431667242918080882e-03
5.701026140141607183e-03
4.319328218605278727e-03
8.801265795710833117e-03
9.775764581299029032e-03
1.387031716397899538e-02
1.555199337792174605e-02
1.986247252105641931e-02
2.313562062380043402e-02
3.288166240642311638e-02
3.574565366917283743e-02
3.570920072867807271e-02
3.636502297016761670e-02
5.053997191029964420e-02
6.106638748217108059e-02
6.686737713648938097e-02
6.863522217806519721e-02
7.809935845708082525e-02
8.444295506145635399e-02
9.490123006183921739e-02
1.075449385469539748e-01
1.167263507846854481e-01
1.091832260557339396e-01
1.122265884896336274e-01
1.170515032875613370e-01
1.164198978415782876e-01
1.138721540765743612e-01
1.181191924877509764e-01
1.304993232381662094e-01
1.383527101168226525e-01
1.449930802119069884e-01
1.564993178294486198e-01
1.582160852038640431e-01
1.547228349975370010e-01
1.502346881616858920e-01
