1.307537420414739372e-03
-3.219107001736887350e-04
2.092769541085459824e-03
2.641856436436995637e-03
4.783830656197807230e-03
8.658817755569713642e-03
1.498756781365102528e-02
1.707010148438570241e-02
1.503425161316442916e-02
2.243015925849647235e-02
3.019797802882493581e-02
2.322453598169431713e-02
2.469970805211829656e-02
2.394626264494803536e-02
2.455110397081909993e-02
2.478847481976913583e-02
2.599989936709334870e-02
3.899801729950240492e-02
3.889049392521428533e-02
4.760489825498552541e-02
4.445222119707921415e-02
4.964645576371253671e-02
6.045017173101428082e-02
6.034194453922907264e-02
5.608300438340450139e-02
4.966016165688813544e-02
5.717556119180926266e-02
6.551184275733135109e-02
7.219247012733945312e-02
6.762710655940509796e-02
8.237384065070330053e-02
9.023942755248696990e-02
9.362328454581643478e-02
9.359477819284052480e-02
9.448833005108951688e-02
8.299110139600714142e-02
9.829250288393324986e-02
9.107957385575957132e-02
9.490457201399352116e-02
1.193216835096393424e-01
