-1.805032961569086325e-03
-1.850975304108892728e-03
7.072531425283302021e-04
9.927401627507492776e-05
1.828286663397449318e-03
-1.323020565493493450e-03
2.318163753294300022e-03
1.907285391334312494e-03
7.419275233210953502e-03
1.486733047703552371e-02
1.228224126042079013e-02
7.513841706683876617e-03
8.712571290513438510e-03
2.198275372985563150e-02
3.305131776748169298e-02
3.735576199889294180e-02
5.015369223356458406e-02
6.713000151370636381e-02
7.820201760376903344e-02
7.764994994847426724e-02
8.359147290863404300e-02
9.361754280644163373e-02
8.116061880579081289e-02
9.245789087358957659e-02
1.128943007379405172e-01
1.034770619422459986e-01
9.906057947359273030e-02
1.191896420856579653e-01
1.131647997736024563e-01
9.959345968794366954e-02
9.913035679718121274e-02
1.012490869502812585e-01
1.251977320531324211e-01
1.378326054488468455e-01
1.394342582981892009e-01
1.432543098763972012e-01
1.401984348947394321e-01
1.587503838368803655e-01
1.784956773851149592e-01
1.897827655510525291e-01
