6.779862662870783218e-04
2.581627635652949948e-03
6.202276324503941569e-03
5.987176464537924056e-03
1.087490995457969165e-02
5.536255316071958879e-03
4.562083269857452987e-03
9.193221757043091094e-03
5.967751452583059009e-03
1.455561462470171888e-02
1.591287328397328338e-02
1.296250136469581128e-02
1.724232601105910728e-02
2.160772912812234520e-02
2.415938717930004101e-02
2.931758507377537487e-02
3.965802730645009294e-02
5.023729614098045027e-02
5.056482360907352952e-02
4.703821212208367936e-02
5.235982206972096542e-02
5.540003344718798239e-02
4.806668401186016404e-02
4.751617464570188215e-02
4.816398094806402519e-02
4.574030367302839295e-02
7.608956132704065844e-02
9.223214633403245544e-02
1.106926673813887901e-01
1.207040779607069653e-01
1.258039109572422487e-01
1.206746191719730577e-01
1.166851130229900890e-01
1.132298217601118012e-01
1.622879029814868201e-01
1.248225087341012368e-01
1.249752653403533031e-01
1.409636618656321672e-01
1.531264796016813534e-01
1.786703503143968474e-01
