-5.843007406000743763e-04
-3.994706584634855279e-04
2.714770358405615980e-03
-1.241701060889255446e-03
-4.846706435022695922e-03
-6.382000040581203848e-04
2.489131250870712988e-03
8.160154943482211820e-03
1.143154530472116973e-02
8.894948163764127003e-03
2.328666133285963585e-02
1.946363430567572481e-02
1.695295961677771926e-02
1.066542688455314122e-02
1.894809118311115842e-02
3.028243214573649381e-02
2.772844821764835002e-02
3.305947542245916970e-02
3.803909163479772537e-02
5.073829630699720067e-02
4.641250662027971569e-02
5.956522483040203181e-02
5.546746219981173176e-02
7.200398624056277008e-02
8.338824135076379485e-02
8.426046911652065874e-02
9.286877501739354557e-02
9.250887203365323885e-02
1.041201678853866525e-01
1.090143608916036982e-01
1.125177230120613103e-01
1.194143417429728571e-01
1.257135965240053221e-01
1.383026307509567232e-01
1.408012760228444793e-01
1.417938715078946588e-01
1.498879031367067738e-01
1.581867477811471079e-01
1.532900226068107941e-01
1.472927934050261567e-01
