2.331087978595824842e-04
7.461866076694078764e-04
-4.672910553185971377e-04
6.476751678974324022e-05
-3.193085345820634302e-04
-3.015313645282446768e-03
-8.705278603251542791e-04
-1.226193844185274840e-03
4.066898486631487057e-03
6.892485187951535690e-03
8.560822241672382676e-03
1.818701239954236687e-02
2.540467356678419858e-02
2.950043658745329228e-02
2.670585199148263131e-02
4.560875152300099267e-02
4.774565461365228025e-02
6.502827347904371891e-02
6.983224491869180484e-02
7.001618478019508429e-02
8.484457593332592196e-02
9.301201765230474039e-02
1.045997209579411502e-01
1.112842358694308559e-01
1.123069277212664502e-01
1.031755315920008798e-01
9.931435932819283885e-02
1.051568954062958028e-01
1.251361864379162969e-01
1.237093585255422540e-01
1.260572769199597987e-01
1.232360146290062686e-01
1.280755286868043297e-01
1.329751759395605970e-01
1.412215241023972168e-01
1.399740432215395569e-01
1.355741050930220071e-01
1.608709456918603620e-01
1.610376778811143939e-01
1.670966913112124641e-01
