-8.986707422176110072e-05
-1.343109785331364438e-04
2.874708665765268560e-03
1.471986086517063043e-03
3.475230042261756754e-03
8.251334910581675092e-03
1.052826387279708412e-02
1.067637624631316909e-02
1.468672641580326399e-02
2.477594203031685538e-02
3.686959209688041306e-02
3.772910828936630601e-02
4.794805390797449857e-02
5.010842767738239723e-02
4.735202748964013886e-02
5.488600651943755654e-02
5.463790707598263630e-02
5.906375653632665174e-02
5.330183009049562631e-02
5.548146441941810558e-02
4.939676748800252148e-02
3.599221090140645313e-02
4.084173827047550553e-02
4.746613924475014124e-02
5.039837723483629045e-02
5.702487169440928483e-02
6.102141856105162965e-02
5.993107493329432461e-02
6.982737407855665879e-02
8.549468868746430694e-02
6.928135701869279905e-02
6.664810321659615788e-02
7.797454575135417953e-02
7.787079988559923727e-02
8.634156280984370269e-02
9.550470726565833679e-02
1.102492767969806692e-01
1.379593893270708860e-01
1.312854236601680158e-01
1.313401553860700233e-01
