2.153173855516232922e-03
1.042207029342989726e-04
-1.410342947344389542e-03
-2.595446179488902858e-03
-5.033762974176170073e-03
1.819473176004748807e-03
1.915267736953296576e-03
1.383454865751332277e-03
5.588257677749198030e-03
1.464660450209294071e-02
2.046174318428626432e-02
2.136599860774595142e-02
1.664628637871885461e-02
3.022394817150768700e-02
3.114100191713475851e-02
2.573464834654259903e-02
3.236681884422694389e-02
2.960559426186648579e-02
3.467960377705594371e-02
3.526335255051264717e-02
3.066846090603405489e-02
4.013354428834361304e-02
4.631513631616144405e-02
4.625437399708687281e-02
5.211248080761095303e-02
4.858353338817096578e-02
5.529757465694160740e-02
6.172183611004698062e-02
6.546062927229172324e-02
6.873024918155579144e-02
7.270593967086824705e-02
7.301513891814863377e-02
7.492435516976456156e-02
8.570343294163081105e-02
9.015809221601500667e-02
8.427622151108664361e-02
7.954567916904409230e-02
7.400004326358669560e-02
8.752462322448195664e-02
9.138624258344804629e-02
