3.185165699566283321e-05
2.540537522392227830e-03
3.167054159174043180e-03
3.882713321888786769e-03
5.817145966758374871e-03
5.321528055989688429e-03
1.584532769935122903e-02
1.708998756251105602e-02
1.859483617139119291e-02
2.913918336718950355e-02
2.099376638495584896e-02
9.089911001817085542e-03
1.629441028711369269e-02
1.776708189190259052e-02
2.686952491745131510e-02
3.391963283025063725e-02
5.078099599983261492e-02
6.116108916622806785e-02
6.730951643768889880e-02
7.055738440690220714e-02
8.771762932921092770e-02
1.086828548251674020e-01
1.141629386102351873e-01
1.178924993274449717e-01
1.295285610345871530e-01
1.261286718547239560e-01
1.219985318567722715e-01
1.205924649169219237e-01
1.439978367546672078e-01
1.448178465298440298e-01
1.457041194432662223e-01
1.469398899948231585e-01
1.433192252279326395e-01
1.518832141429413696e-01
1.857367498956307428e-01
2.038726854757385298e-01
2.042582662032884910e-01
1.999376611200403830e-01
2.068374527911544247e-01
2.084625112257924573e-01
