2.413711579037158741e-03
3.135511381323930011e-03
2.900996135616296275e-03
3.829099887278175716e-03
1.834423083013803036e-03
2.413756861999161261e-03
3.272064785535633378e-03
2.062594795857819376e-03
1.058932634047522400e-02
3.405142851873676959e-03
9.803776706289114157e-03
2.460087990244090930e-02
2.715502045190447758e-02
4.019276501592088102e-02
4.802545511586515936e-02
4.259436333729951091e-02
5.835915609655444036e-02
6.113085749275058017e-02
6.928903142533897330e-02
8.508828875564233840e-02
8.753329774966971122e-02
9.516112185922338818e-02
1.020039694094805327e-01
1.137754280539070295e-01
1.100033076683871458e-01
1.238721474040460208e-01
1.169373332745664157e-01
1.422890140964966632e-01
1.500904942688833787e-01
1.437600454474704803e-01
1.415543388520262569e-01
1.650388937272822543e-01
1.702250434121395928e-01
1.779072254554364407e-01
1.896521942232681224e-01
2.164109682625024733e-01
2.088729646323514433e-01
2.255705874469242644e-01
2.208689204927310468e-01
2.350502915241037272e-01
