-1.185480773822078504e-04
2.032783974792984425e-03
6.709277928367641045e-03
9.970085102988690551e-03
1.287510747181457374e-02
1.255307980155961900e-02
1.775445964802244841e-02
2.186477735763645708e-02
2.042284403610352544e-02
2.008704495053592609e-02
2.612401535968587180e-02
2.696435792182114849e-02
2.634514726015453265e-02
2.238565806987793255e-02
2.590468404508356956e-02
3.297139804546986991e-02
2.649631212637188968e-02
3.300543704843335313e-02
3.761357191640968267e-02
4.865263619472273010e-02
7.732542725929078542e-02
8.338802258904536024e-02
7.653696843885313128e-02
8.086234029944705526e-02
8.188282928331887256e-02
8.447454805108237097e-02
9.242419996373314739e-02
1.079197094607650398e-01
1.145576753085691679e-01
1.064681497204162525e-01
1.076103709675209075e-01
1.243959139308657286e-01
1.218624114432600436e-01
1.290970834270808720e-01
1.192328610839297198e-01
1.372100764877899337e-01
1.465426437185755049e-01
1.603070800185463496e-01
1.710450287295458283e-01
1.613331834081577765e-01
