7.590114607390674234e-04
3.092147950270884935e-03
3.015419252659157136e-03
3.580063487297735665e-03
-1.975266015800514370e-03
2.425276241508811294e-03
4.943501009160656059e-03
4.420673051644996403e-03
6.770273818179362198e-03
6.582277623179777840e-03
1.631071216847175195e-02
2.532911101494477249e-02
2.856359043796601396e-02
2.207448939726362053e-02
2.655242685642065364e-02
3.870945151667370965e-02
5.705841019585307372e-02
6.151673008513398877e-02
5.946326089162425749e-02
6.091287337260951201e-02
5.905532635795225638e-02
5.323392991631692439e-02
5.523283140379930956e-02
4.955443676026902861e-02
6.021121580290866859e-02
5.962837901604416124e-02
5.958729792496910566e-02
6.811332410803458415e-02
7.656985700730559175e-02
8.500917425342038869e-02
9.787734876621527469e-02
1.077164003507476708e-01
1.188162384353290690e-01
1.258660999675413339e-01
1.377608984557951999e-01
1.509899512708813007e-01
1.550562777540449022e-01
1.701085605086859742e-01
1.697530775417732118e-01
1.736857185268945725e-01
