-8.997540731118469854e-04
-1.596707134179808918e-03
1.261579584463135093e-03
3.393268118171732881e-03
5.168250668882734891e-03
4.254485885593339671e-03
-5.174593342251654002e-03
4.210648284032459006e-03
7.570842594171267245e-03
1.774259669942779283e-02
2.032785447365910089e-02
2.564930260239037946e-02
2.133779956024852570e-02
1.345359846340556977e-02
1.927342341940487674e-02
2.152057066847135047e-02
3.392032687721524553e-02
3.541023416193524870e-02
3.876435005946347878e-02
4.989898826377441032e-02
5.434596521310197659e-02
5.226649692842499917e-02
5.241393298797732136e-02
4.682992539162853657e-02
5.012938271088671766e-02
5.182282803893371870e-02
4.628338148497164461e-02
5.018021579416824529e-02
6.181391385344454925e-02
7.097137730459338045e-02
8.342143158176611173e-02
8.734180891646872724e-02
8.739499623008555040e-02
8.732399830873874280e-02
9.262867406727082198e-02
1.051110127051742837e-01
1.215513389039955400e-01
1.227393368217406106e-01
1.290353686283111645e-01
1.393294826855793755e-01
