-7.774668939140028643e-05
1.726485330872051750e-04
-4.367951912549017488e-04
-6.916954962100874344e-04
1.824679481465807385e-03
4.477562119296863222e-03
9.109401135008710418e-03
1.383199390231482084e-02
2.103410865940702479e-02
3.196359523342380549e-02
4.299794731057886288e-02
5.535737464461902568e-02
6.198458756414026993e-02
1.068752266143562224e-01
5.759527398602699855e-02
5.057538769622738073e-02
4.962620975066443091e-02
5.932000582428997859e-02
6.301024320602550965e-02
6.205563272655183205e-02
5.315929718112499813e-02
6.355065167231259415e-02
7.205569746414823562e-02
6.416768989546425828e-02
6.933904809587829177e-02
7.794267599004740810e-02
7.066075201708202358e-02
8.333914932212849180e-02
1.021137721352744221e-01
1.289635353837525200e-01
1.238834484513944290e-01
1.406781005158080633e-01
1.454364524635479994e-01
1.599719220401397135e-01
1.583623732871131951e-01
1.993390543376420965e-01
1.560142532828024398e-01
2.173981799657013769e-01
1.854414552755940804e-01
1.832513062605215792e-01
