-8.405583215810530579e-04
-8.239966651792940411e-04
7.480933378097631486e-04
6.109355860798615021e-03
9.585233128738934738e-03
8.681004508653699867e-03
9.017635083763764561e-03
1.559544253807985080e-02
1.150844727629163344e-02
1.131539410019115691e-02
1.621406302497518936e-03
5.554081896178786337e-03
1.761296443656163932e-02
1.444547200694614765e-02
2.293278265973128921e-02
3.263625047238463001e-02
3.137584364880012522e-02
3.342202509143134964e-02
4.662874700173347264e-02
3.605446555590959001e-02
4.304756953771970984e-02
5.578506568777754498e-02
4.774185358929514816e-02
4.114862342773335790e-02
5.287323739403291395e-02
7.007392102738094208e-02
8.643122978560313641e-02
9.249453453188039020e-02
1.037355223353131350e-01
1.045887392884537748e-01
1.192642359557112286e-01
1.321713343284414977e-01
1.432934007030240708e-01
1.597264487996739035e-01
1.782866489730679516e-01
1.890878857305836047e-01
1.926222136312901456e-01
1.878985967390718881e-01
1.823855763125862839e-01
1.726370139985363150e-01
