7.888486877675404902e-04
3.737481659942787447e-03
5.737394036718512606e-03
6.885488637414738551e-03
1.035481183851700779e-02
1.471499109437388562e-02
1.628403762363745885e-02
1.617249796918969126e-02
1.844685631578926038e-02
2.095195358789823242e-02
2.460150355391448398e-02
2.536667667227305786e-02
3.563615291068060464e-02
2.613634437074807693e-02
2.986895046323638850e-02
2.893483183112977031e-02
3.303383264653803053e-02
2.958491979644008868e-02
3.454568404725648356e-02
3.989963138601524545e-02
5.732532853142800061e-02
5.560957616533528103e-02
5.798434773263920483e-02
6.485491128583191489e-02
8.776772275042218907e-02
9.577582174605651921e-02
9.720172327266425605e-02
8.474880670192704024e-02
1.130463402814456259e-01
1.108542080403964319e-01
1.316840677074111454e-01
1.584743857388900834e-01
1.678121353803390947e-01
1.797073244849372031e-01
1.872893360911859761e-01
2.010258297362725044e-01
2.156467430166628674e-01
2.275360918884644090e-01
2.280656580188832605e-01
2.603478778347948497e-01
