6.128122793729318118e-04
1.179106823950171190e-03
-2.318345950794409218e-03
-4.249276380421917673e-03
-6.406372662281256333e-03
-5.723303765918785757e-03
-3.415495817733926742e-03
-2.607414822429632382e-03
2.042961868119164050e-03
9.603065955587908320e-04
1.764410983361130916e-03
9.589314235662982008e-03
1.359517352844647961e-02
8.441030696073426737e-03
1.636525569411162537e-03
5.299672907551666694e-03
2.070065893111063676e-02
1.393348414753177097e-02
2.431814692602358649e-02
1.645302710680027897e-02
2.531663254084435405e-02
4.518064629389471204e-02
5.227214308862641878e-02
4.789710909900861402e-02
5.878810467769426257e-02
7.715900173377007731e-02
7.877033400167476884e-02
6.953186143479399284e-02
7.953468404881788856e-02
8.532977471758443344e-02
9.131222258450293061e-02
8.760104857545059076e-02
8.819334812838804105e-02
8.978496055630103001e-02
1.042076927141948745e-01
1.056923676562632891e-01
1.044653190967181899e-01
1.001526231455045490e-01
8.656500344475545616e-02
8.798959841388978576e-02
