-1.176749083342976148e-04
-3.500798525575277154e-04
5.790763783992148098e-03
2.773961944242841929e-04
-1.497268587840494439e-04
2.884862254407494393e-03
-5.085164631304195208e-03
-8.118025390891148510e-03
-6.147654174110073373e-03
-1.637490308273328171e-02
-9.323595066942403503e-03
1.284755792005398602e-03
5.457008623041303616e-03
5.647645779785648128e-03
6.153038718274217445e-03
1.315577476768936549e-02
2.144679741524555677e-02
2.227908352577117126e-02
3.390827045049889243e-02
1.082905270004630438e-02
1.677644301427960727e-02
1.034988131377758726e-02
1.507598771863740729e-02
1.055933392635211021e-03
-5.984990607603890740e-03
-1.354423961149393493e-02
-4.698623144577140811e-04
1.578027944225936924e-02
3.792182964276662183e-02
4.141303065846387021e-02
4.305145045370011025e-02
4.722973519617142124e-02
3.978758203845132041e-02
4.973339185328597839e-02
6.920997605576531542e-02
8.080624565707239526e-02
9.825732430628875136e-02
9.751770645044928465e-02
1.016866638343657259e-01
1.214924807345454383e-01
