9.274383673156805501e-05
3.013510357392057415e-03
9.705975534412302971e-03
1.314356242602272504e-02
1.825064744538238554e-02
1.045544647028506802e-02
3.925350632292179745e-03
4.315815768131869498e-03
1.091785164403375960e-02
1.355474094999635851e-02
1.469472937968845441e-02
1.808782173831673459e-02
2.803772409450005013e-02
3.151194112017634275e-02
3.588229398264388553e-02
3.934082238297520462e-02
5.394690218389541769e-02
5.849964079515359433e-02
6.650662845478905183e-02
7.415750549553479232e-02
7.656012194692038419e-02
8.024865489521459949e-02
8.773629039404226559e-02
9.274658152366441199e-02
9.837903542228047804e-02
1.127381024273802212e-01
1.071757487459791547e-01
1.002686053731025595e-01
9.665510621834982885e-02
9.135223842529568983e-02
1.040659999097357513e-01
1.070790278301899379e-01
1.244763052080997967e-01
1.284547730884753602e-01
1.163714250036207432e-01
1.247376376589613700e-01
1.421002841629785962e-01
1.480016456705356975e-01
1.583236397168548137e-01
1.854426180172879524e-01
