-4.884544957954872757e-04
-4.128015563462384026e-03
-3.694268784269638499e-03
-3.317330656777173290e-03
-1.887643050857690285e-03
-5.958115404722264322e-03
-6.215573836464471751e-03
-3.518373003673502895e-03
9.916183927177257135e-03
7.253374848257010572e-03
1.600058406401814320e-02
1.719086526619548888e-02
1.753260245720440411e-02
2.831168162549033834e-02
4.073347120016990175e-02
4.291267162321901057e-02
4.937274006989014058e-02
5.403867013530146146e-02
5.117457871887722692e-02
4.812006951622151835e-02
4.532975795406457564e-02
3.964329824646881800e-02
4.608469992191999154e-02
4.191511732475419055e-02
5.272561592297790589e-02
6.087340214692175955e-02
7.143274910291382007e-02
8.493779356763866972e-02
9.257766890144410177e-02
1.049853320420652408e-01
1.167188096361002209e-01
1.215652791951953304e-01
1.207028683677094649e-01
1.154927802075576410e-01
1.330840374095146328e-01
1.551202738926036884e-01
1.740151144811562800e-01
1.847014312834460159e-01
2.153322888124051815e-01
2.148781899701248110e-01
