2.903631423317864970e-03
6.592446954958574960e-03
9.819870488480830079e-03
1.224418477675612814e-02
5.405980028811540727e-04
-2.170961411958671934e-03
-2.774107249709345697e-03
-2.757807752976759643e-03
-6.917455655026572350e-03
-2.656203190923633667e-04
1.640130673338546872e-03
4.909012561890335399e-03
1.083528908091295831e-02
1.126625452564269415e-02
1.224256693613341371e-02
2.315555858398567896e-02
3.312711106623567048e-02
2.202303398628089465e-02
2.928445774701344748e-02
3.014083320256872797e-02
3.170835839011374585e-02
2.574775799099882079e-02
3.865074234782639451e-02
4.422820669255713572e-02
5.306122414185665548e-02
5.413622066640186997e-02
6.069496259469815691e-02
6.867363534325363061e-02
7.005204552907287607e-02
8.331379826223894725e-02
8.422873994033182321e-02
9.535686028511633494e-02
1.109710697279126662e-01
1.371490878399981850e-01
1.563169716199212245e-01
1.617530248940738657e-01
1.700483792899603885e-01
1.939837557281577918e-01
2.050835157521731789e-01
2.016976956529816789e-01
