-1.101071345488868758e-03
3.342206156946403266e-03
3.545438135640566202e-03
7.957048628609441829e-03
1.493006101714655642e-02
2.054381640453612975e-02
1.386659408123946946e-02
1.644576295975923655e-02
1.394898602612784123e-02
6.108853377804734572e-03
1.162437426741291715e-03
-1.134964250525172301e-04
4.590779919584520204e-03
7.606885846408317428e-03
6.652704889640403615e-03
5.445213793427683760e-03
-3.031699566631118441e-03
-1.684649609498478683e-03
1.094137477577419339e-02
2.666479432510016068e-02
3.966639557974645236e-02
4.607375505632092111e-02
4.930206117606701632e-02
6.267641457583579545e-02
6.481274371862752459e-02
7.332899434627507262e-02
8.032251487206280849e-02
9.168500027062975732e-02
1.026457815101565474e-01
1.087618029534240804e-01
1.294704184632536337e-01
1.429746716949353014e-01
1.435163937318804928e-01
1.433644930439072485e-01
1.476835990839134582e-01
1.427099354618121541e-01
1.466246662882696172e-01
1.654354913088752765e-01
1.778041830220530584e-01
1.943662003625860335e-01
