-1.216536897033915297e-03
-1.180561240192012874e-03
-2.782940179291770906e-03
-5.732321754933877422e-04
-3.734243460518627076e-03
1.447845170764594427e-03
3.576400366245025171e-03
1.820527163954466275e-03
-4.182169983278072149e-03
-9.572703230951162823e-03
-9.271823877327278751e-03
-7.630802671596370428e-03
-2.773016439411435299e-03
-1.469149487355991823e-03
-3.065305417752029089e-03
1.669383768000898315e-03
1.119580535467434943e-03
6.783568298092746036e-03
2.789495785946769640e-02
3.602002546064966143e-02
5.308813184728933265e-02
5.512752788739874038e-02
5.737509123216000262e-02
5.611829357000033131e-02
5.696940192745784948e-02
7.559822498110975453e-02
9.280161155495533776e-02
1.055967815955170808e-01
1.525039078034495788e-01
1.351479476232384513e-01
1.375207834693526476e-01
1.475072874142227819e-01
1.525408388261041692e-01
1.628563800295211306e-01
1.799882974491936183e-01
1.741876728110924033e-01
1.900992390865155757e-01
2.115154719477914114e-01
2.011082614981660188e-01
2.037603251497842050e-01
