-2.464030898661118043e-03
5.073098563126877004e-04
-3.916782757233505771e-04
1.876407712786942825e-03
2.318550731875745723e-03
4.437215001409811066e-03
6.860744315204669874e-03
2.247511586853079366e-03
3.413635819734395314e-03
-2.551838388744442736e-03
-5.310279011489171808e-03
1.118732260839294711e-03
1.075324681849991817e-02
6.671804443762141545e-03
1.475788810769245243e-02
2.683294159988349609e-02
3.615430523800000628e-02
3.969035867800698586e-02
4.480391419985778334e-02
4.511990495886948616e-02
5.376898388964264364e-02
6.420039265366597747e-02
7.437001791224417957e-02
7.615088899856062299e-02
6.808422278063233635e-02
7.371998622233207066e-02
7.540132216405766308e-02
1.203785886469177085e-01
8.040203490047304058e-02
8.220037395400367486e-02
8.502136538181162551e-02
9.740807730101153084e-02
1.103100526180497837e-01
1.120985110309504762e-01
1.121700513407290628e-01
1.227378300386277460e-01
1.196624611430507912e-01
1.174965554153089842e-01
1.233357004573235882e-01
1.285867346620022944e-01
