1.149918346953349071e-03
8.619669926705597184e-04
1.203008449377662671e-03
4.849032392822749671e-03
7.773827724271598072e-03
2.801145024071160974e-03
4.330050787665839888e-03
4.075361688549605788e-03
-4.986939665521106235e-03
-4.895866216298827393e-03
-4.020789826257952990e-03
-1.221838628936211535e-03
-6.251772274674749150e-03
7.681551612135706711e-03
5.355759146826244606e-03
1.965998028020123772e-02
1.281158029162838760e-02
3.117916372368085762e-02
2.454275999151605062e-02
2.724029100357654512e-02
4.261396961573780257e-02
5.810591171132273303e-02
6.386220184361376950e-02
7.281658723118197840e-02
8.212856362079037909e-02
8.787260170397245829e-02
9.397699668064660172e-02
1.006299140546218496e-01
1.153293437469926630e-01
1.120364424526741204e-01
1.049467700143651427e-01
1.182700452627727800e-01
1.165642173439380286e-01
1.291884117156712475e-01
1.386744832408396688e-01
1.483008881111345656e-01
1.427463291998719852e-01
1.493384333629165783e-01
1.701628074610084806e-01
1.962208272392302888e-01
