-1.579277729531103304e-03
2.755086725930055882e-04
-5.265168906575468316e-04
4.009898369015729887e-03
6.009932876133205863e-03
1.350315546793012800e-02
1.577754653612330887e-02
2.174493895143569944e-02
2.304209940970167875e-02
1.948576065290126211e-02
2.512516319399225179e-02
2.402452049341263773e-02
3.044224502609011937e-02
2.955142145994358455e-02
3.419832869949033377e-02
2.773059990106503322e-02
1.312897281951848003e-02
1.479282660510818949e-02
1.805162370696109658e-02
2.872550843223677791e-02
5.084942524447910728e-02
5.067378933900386351e-02
5.564392997311244649e-02
6.165052295490625056e-02
6.302145252927289498e-02
7.948355246135463403e-02
8.466031042852080468e-02
1.054677531748268449e-01
1.123734277893731759e-01
1.179404734515458186e-01
1.203436188768392812e-01
1.398895671702433674e-01
1.494314945732810318e-01
1.751004154626116249e-01
1.932625644952366828e-01
1.983691943871321028e-01
1.991887960277949898e-01
2.070656753688808749e-01
2.098127804802544516e-01
2.131156433367465408e-01
