-1.243632319197107705e-03
2.539379753573989262e-03
1.312737746162895378e-03
1.410474386458560134e-03
5.755024924372520445e-03
4.678080732105627249e-04
1.352210118354690805e-03
9.449470722000797435e-03
6.943085330442499634e-03
3.591138791082926392e-03
-3.395072057321613015e-03
-1.489358074820756937e-04
4.351365355110203663e-03
5.752354420201300292e-03
5.479735546856545625e-03
5.109353200603549902e-03
5.098235569775511067e-03
6.408864213059928434e-03
1.135913054189643424e-02
1.343564320632140196e-03
8.781631019888890693e-03
-5.400709130603332034e-03
-5.872427765282850487e-03
-9.220678025792494389e-03
-2.551232182452167589e-03
1.441603357326357547e-02
3.472213343334828919e-03
5.771211395301634357e-03
1.413893435077966457e-02
3.208305156090318459e-03
2.947161284271260229e-02
3.119750077161995844e-02
4.054847196748596894e-02
6.863907182030289100e-02
6.608784186223601309e-02
6.670360368560182551e-02
7.535414733266065923e-02
7.938572574617523692e-02
7.837440758518425532e-02
9.206563305537258934e-02
