1.403467628500365506e-03
5.143385858385584718e-04
3.455094044289808066e-03
-2.365971253460941116e-04
6.842270646163939318e-03
5.337030177980750349e-03
1.131620504040142805e-03
-3.304044370868552787e-03
-2.778031443384065932e-04
9.966326182679096854e-03
1.034653272906638222e-02
1.216106729053762978e-02
2.086727108168986294e-02
2.171366327872874605e-02
2.356339626236092499e-02
2.809227929249544925e-02
3.317575863214870108e-02
3.845661537663432050e-02
3.510841964793200848e-02
4.290719873003183416e-02
4.950355116089610874e-02
5.134251678287000964e-02
6.289263557243032765e-02
5.868729026159655998e-02
4.494200018648939615e-02
5.284390502499718145e-02
6.084900688410925518e-02
5.905667160803886734e-02
7.218718116073716273e-02
8.299570106405269876e-02
8.570438770583735377e-02
9.686771624031109695e-02
1.041748691387510972e-01
1.069310105078955103e-01
9.681938568785142252e-02
1.040804214635357994e-01
1.044189697133361960e-01
9.815223663514700825e-02
1.002907141064127983e-01
1.115498011345010809e-01
