-8.999024602136529167e-05
6.404811524511444098e-04
5.432199264490122914e-03
3.426202395221622510e-03
1.060910812658732993e-02
1.369588348001400321e-02
8.623620873827064770e-03
1.230467102574834756e-02
1.808991996868343152e-02
1.936395398204808840e-02
1.915345317971883787e-02
1.774396267357190166e-02
1.658387377700592039e-02
2.124482577217037121e-02
2.983738407142482243e-02
4.688678375061954007e-02
4.870715006271666286e-02
6.169538270787598006e-02
6.973371094437083584e-02
5.984226397351619792e-02
6.955914874125994352e-02
7.613682552463388320e-02
7.349054033633706240e-02
8.055886736126467718e-02
8.097872143299866821e-02
7.912053115152276050e-02
8.044062954213018757e-02
8.150706418925608709e-02
7.993800053522193139e-02
9.142322303803780692e-02
1.054591345453758378e-01
1.115614041711779636e-01
1.095537115851414056e-01
1.328978458003263197e-01
1.390795057590452077e-01
1.485374585780277756e-01
1.423981840647428609e-01
1.475400498846738684e-01
1.628202946467581513e-01
1.619671338651670622e-01
