-1.850250665557773289e-03
9.745254432820260604e-04
4.652935211479203477e-03
9.523024100086274063e-03
1.143051813043385358e-02
1.473497095247964205e-02
1.237484567643249919e-02
1.750480215259386796e-02
1.953994234693396878e-02
2.333307674468016943e-02
2.057000448529890807e-02
3.026493146930846548e-02
3.911722508651962332e-02
3.904645600243412951e-02
3.510188589674499010e-02
2.800850857979924127e-02
3.247322801188943370e-02
4.250141462272551823e-02
5.085060271349561845e-02
6.210574669011350440e-02
6.828872280940742612e-02
8.695689385496904733e-02
9.820757140538489971e-02
8.928021995086225793e-02
8.527242925803193985e-02
8.556341663541502940e-02
8.594723470162932144e-02
8.363154487225017697e-02
8.612374077640083669e-02
8.563662486292286657e-02
9.480630498316600097e-02
9.560982723794211879e-02
9.337914309758446607e-02
9.288442262057686194e-02
1.088307380619653458e-01
1.192329742514317559e-01
1.284819905920756011e-01
1.415411019043830154e-01
1.714716522752439687e-01
1.703358913854543799e-01
