-1.077131778032303132e-03
-2.008020305119373569e-04
3.073845012401932308e-03
9.709579551154945767e-03
1.587330349954498704e-02
1.936152630370600175e-02
1.184634451981736447e-02
1.023474571940141686e-02
1.188839930806864266e-02
1.883374794223868776e-02
1.924572244490860978e-02
2.556988344026223103e-02
2.804871968800739385e-02
4.148710330730977919e-02
4.447499993953556163e-02
4.936158651162969591e-02
5.451664330728078767e-02
5.013000622369645498e-02
5.477033937356736576e-02
3.588778188910453359e-02
4.429355374993804162e-02
3.656894338447500697e-02
5.087468745611545273e-02
4.520665718155214563e-02
4.321753176636491250e-02
4.846742919276891826e-02
4.735899420794851405e-02
4.988436263769813195e-02
7.433355196439209167e-02
8.417872636817094745e-02
8.659439281295533419e-02
8.802145388604287746e-02
8.482824133652969167e-02
8.678875062149700448e-02
1.015905647944663343e-01
1.162988701339742192e-01
1.296839865905923261e-01
1.415809450735309727e-01
1.459109448160546552e-01
1.597625288017866241e-01
