-4.203818932636771638e-04
-1.457131845598524976e-03
-1.918042064171743234e-03
-1.615012117404290804e-03
6.119548493607851036e-04
2.131721050318446833e-04
5.745878648371416722e-03
8.904594573650115525e-04
1.056608284785198748e-02
5.949308815073095329e-03
1.483787147977153574e-02
1.279954214700751436e-02
1.613865012676711855e-02
1.937434459453441990e-02
3.098882615864937545e-02
3.390078359970374183e-02
3.442018806903775208e-02
3.918849641419512586e-02
5.043201255203655364e-02
5.389445259849878767e-02
5.231022767455328903e-02
5.309571550390614764e-02
5.497690707431672485e-02
6.902808425611225984e-02
6.799602880016664130e-02
6.681095166845238409e-02
7.651952608354121999e-02
7.884841747815869717e-02
7.592572541835522493e-02
9.810902460811803116e-02
1.089224840937134814e-01
1.142314452665829094e-01
1.184253771444900849e-01
1.165898439662697711e-01
1.284245472214735062e-01
1.454062433746628469e-01
1.532372064406160861e-01
1.585566312638803654e-01
1.689879430725966247e-01
1.776185030180556512e-01
