-9.404916040755218138e-04
3.752042914157982523e-04
3.802676277715377664e-03
4.250421082870303388e-03
7.910641484468072804e-03
8.371625935641446858e-03
1.236797971206300348e-02
1.602285674833012902e-02
1.711866808278585811e-02
2.024151164710019657e-02
1.819989604191363242e-02
1.976318497347477957e-02
1.933259307194674578e-02
3.154763280561923011e-02
3.081753451066617661e-02
3.423939772361848238e-02
3.235138482811805716e-02
3.759793555965131734e-02
4.255100793986059393e-02
5.033091688293325067e-02
6.692766509225407667e-02
6.222948617539714178e-02
6.108055171419835006e-02
7.741008152324013736e-02
6.797327257079928409e-02
8.137222730572375717e-02
7.444346584832714497e-02
7.538229218461367509e-02
7.881089463967327902e-02
1.035722977692955793e-01
1.196107628804043144e-01
1.283239305784519557e-01
1.317272342664722318e-01
1.396718523615248786e-01
1.339033568602616131e-01
1.584622351479282598e-01
1.882174699600596968e-01
1.822867220150811707e-01
1.923836801665260166e-01
2.110814493575929873e-01
