1.012815284108814409e-03
1.973993815883190277e-03
-1.719925247626363828e-03
1.997620441137826165e-04
4.364444633735331883e-03
1.848718957589312486e-04
-8.125941994379104743e-05
-1.500005381780056355e-03
-8.514445760366130128e-03
-7.152021891920412253e-03
-5.668237067771997664e-03
-8.162493008802585229e-03
-1.480790849522009046e-02
-1.173523978392978541e-02
-6.190683178084554691e-03
-2.467441127308234172e-03
4.067175112251675100e-03
1.466551391348502875e-02
5.954230388638848126e-03
1.323206265268481695e-02
1.452564289729707525e-02
2.540094084590691775e-02
1.816972827249969599e-02
2.479652174510533699e-02
2.844642416098963622e-02
1.844981007481294455e-02
1.511979231502209517e-02
3.053560307114082731e-02
3.373892945706984114e-02
4.625184469693408712e-02
5.120758210693452522e-02
5.499203408736264009e-02
4.911109444047952188e-02
4.532085553241245457e-02
5.728638133642789676e-02
7.440275341631093220e-02
9.325053093681674732e-02
9.062006150930698722e-02
8.295823979974556450e-02
7.588307232315685824e-02
