7.492538341416832065e-04
5.095963113525669563e-04
2.955341121465693190e-03
4.504689444737408448e-03
1.062948067777256221e-02
1.348175835296032757e-02
1.554021184467799764e-02
1.119337062388154821e-02
1.248275337469379950e-02
1.889801504796082693e-02
2.647812927875605599e-02
3.508405727633316651e-02
4.351655604632611446e-02
3.957110288689449223e-02
3.744452186119247294e-02
5.269564417872345252e-02
6.135010624538779489e-02
7.648560346681279598e-02
9.359993373338397482e-02
9.966322255675379160e-02
1.160371092248340119e-01
1.703611721540596591e-01
1.210154397114735075e-01
1.158123816751270851e-01
1.263673587373432272e-01
1.696276932902748003e-01
1.329559711726460702e-01
1.225251909539878115e-01
1.182818839589913351e-01
1.161121880070567214e-01
1.317655948099542285e-01
1.401848135346739355e-01
1.350234879184256387e-01
1.393676326508881402e-01
1.542902977128392250e-01
1.759819076785959224e-01
2.037016122882278069e-01
2.095095530330837730e-01
2.157032832147990631e-01
2.252815996513987673e-01
