-2.390208494719825438e-03
1.535418466755267232e-03
2.116119420361073280e-03
7.658328535734426276e-03
5.488648104113025110e-03
3.029020278304273180e-03
1.340175970149459718e-04
2.754317952893359320e-03
3.246895099280777577e-04
1.072909842489480105e-02
5.801821029764652957e-03
1.762407628089590617e-02
2.613226000858617087e-02
3.056818210370977271e-02
2.644667760734904435e-02
2.873807279232778317e-02
3.145864633453641229e-02
3.627055739280819757e-02
3.896687423686273632e-02
3.772105533280693812e-02
3.934079147597060316e-02
4.410354475325846402e-02
4.592348610213150412e-02
3.493710664924946918e-02
4.358737006720616453e-02
3.780342215847269649e-02
3.007804155156463752e-02
4.213865671788710049e-02
4.925917302961124733e-02
4.788847450768969616e-02
5.202880907205269245e-02
6.718547295701285393e-02
8.482935489948886798e-02
9.412954480150119430e-02
1.087200782289613754e-01
1.129626161256993555e-01
1.200862983348429253e-01
1.303267144449705428e-01
1.377849587158436750e-01
1.472069565196875429e-01
