4.675059469465559219e-05
2.940761592954643788e-03
3.339139061533202661e-03
-2.362470101058278260e-03
6.790662783238588397e-04
9.393839193263175610e-03
9.870900954948779935e-03
1.361735955012761609e-02
1.706584269832376460e-02
1.527643254670749649e-02
1.105043144937098952e-02
1.580782697897404818e-02
1.215760986754474936e-02
5.360301436121516980e-03
1.594935089182598562e-02
1.869562905161785762e-02
1.426693019143385720e-02
1.282163292021891790e-02
2.455193297565756369e-02
2.952579533941275189e-02
3.818546099868456306e-02
3.625106045454629111e-02
2.838103522311712437e-02
2.340582051759554361e-02
2.765004061234890148e-02
2.558930318035663662e-02
3.763721721150545957e-02
4.664678152887234003e-02
5.894142131954822894e-02
7.610526373023276947e-02
9.581311372256777481e-02
9.472247230894481618e-02
9.597585682066381296e-02
1.052379405329958162e-01
1.132124585563133168e-01
1.112817402452009191e-01
1.142401657549953625e-01
1.164901525286921868e-01
1.310829922344822762e-01
1.373592764076335127e-01
