-1.303973861481377925e-03
-7.174385228474022391e-04
2.388038883438525772e-05
2.016378181871658452e-03
8.755529885592494913e-03
5.748119851715927271e-03
1.650756002868049993e-02
1.899233319949047288e-02
2.454722795513504183e-02
1.876634265095305024e-02
2.959630373311199561e-02
2.285303045824207263e-02
2.716659869100652644e-02
2.533475874486441556e-02
2.684180768103203857e-02
2.318923226804088175e-02
3.607515217892683090e-02
3.203422696349207677e-02
4.316753590457267364e-02
4.059651947504790137e-02
4.558941827520470585e-02
2.766719423823360557e-02
2.311327258784672337e-02
2.422024232362787050e-02
1.579056277638244549e-02
2.963777737063821860e-02
4.079029592094798179e-02
5.526107508352140485e-02
7.450122340199812065e-02
7.558539307212300273e-02
8.735164067391849863e-02
1.010206714371463532e-01
1.045535893559360885e-01
1.147075400760599051e-01
1.182287866814704103e-01
1.295637489917225993e-01
1.290519571245539454e-01
1.300446052104405337e-01
1.444565830173417109e-01
1.612618012227699238e-01
