7.105218309621186496e-04
2.660096087016228239e-03
-4.785672752337788785e-03
-7.361626005766197869e-03
-8.920776258703711284e-03
-8.826298722343750569e-03
-1.668065869497752443e-02
-1.374224609460554872e-02
-1.309478576572900045e-02
-1.433480594495364392e-02
-2.025645905006712155e-02
-1.049121947983593442e-02
-9.714433001668965062e-03
-1.229645671302108736e-02
-1.082901651654140027e-02
-1.706516273905833714e-03
8.704862514889554880e-04
1.101470437164380270e-02
1.808485190045985153e-02
6.254511581203132942e-02
1.001832354838256764e-02
1.518145013663456735e-02
1.586625762536470960e-02
1.588370157502083657e-02
2.607153443024685588e-02
1.703226757158802368e-02
1.908642575170631586e-02
2.988093730256196137e-02
4.684304549606110868e-02
4.858265145339544372e-02
5.409157229356367086e-02
5.259413257209928638e-02
6.889419997690141018e-02
8.030674372957662122e-02
7.768327503383432031e-02
8.358964430452431316e-02
8.576754926295677983e-02
7.804672834901112133e-02
1.004051794121664926e-01
1.159420042610889851e-01
