7.952509477093805401e-04
-3.377826394672212127e-04
4.137952894804897142e-03
6.913537040865236523e-03
1.277176836324542784e-02
1.230809703493349581e-02
1.810640446651845537e-02
1.685810736612864888e-02
1.955021006162382946e-02
1.809855180446362510e-02
3.183488040497621518e-02
3.422323391207982013e-02
4.220162876993214379e-02
4.767090159052713577e-02
5.275320479928495565e-02
5.721852683659704730e-02
5.724117375457069695e-02
5.686965037340883239e-02
6.872017965345378343e-02
7.244639999829019517e-02
6.767669013980252835e-02
7.631088233398770904e-02
8.968698669332297868e-02
9.106323789002317148e-02
9.759993654273557695e-02
1.114936079013972431e-01
1.300140490138005644e-01
1.348724535094703580e-01
1.369948600424834295e-01
1.347320620949886971e-01
1.436775120664833538e-01
1.557971817822078608e-01
1.539506614267992235e-01
1.690568689994364493e-01
1.729871993211901382e-01
1.930241046172113673e-01
1.884116610568384031e-01
2.146748537178950755e-01
2.309794731776065591e-01
2.297100394495629472e-01
