-5.031242095425269688e-04
3.829524429699304733e-03
9.365971476360358122e-03
1.107616767755388240e-02
1.237005455921860210e-02
9.443740341519912124e-03
1.614611248923552081e-02
1.866859141864694177e-02
1.772976427160273191e-02
1.128569391048870295e-02
1.899108820688297922e-02
2.158122757280551626e-02
1.006683318227743519e-02
1.653582877373764928e-02
2.182625850826837993e-02
4.603410600225714411e-02
5.221824357197135669e-02
5.227060798882803005e-02
5.927354668421003225e-02
6.212862977907320644e-02
7.221837671695538474e-02
7.762669463153600014e-02
7.625868139973021598e-02
7.943160102873036976e-02
8.825957731681058349e-02
8.788625280820099028e-02
1.051741123733165723e-01
1.103533183008721663e-01
1.107044521226384914e-01
1.072046331780455858e-01
1.117797662673325476e-01
1.298180651244678074e-01
1.411989372174105029e-01
1.537427091108497790e-01
1.730039654833888108e-01
1.701595742901986230e-01
1.812951862025045102e-01
1.949035298177420883e-01
1.899815122957335123e-01
1.811482224297606136e-01
