1.722574412694566392e-03
2.154441510495530392e-03
1.127112950206665730e-03
1.170652119272119849e-03
1.127337291353143131e-02
1.338499539302588984e-02
9.043033069908546634e-03
1.251423022471058813e-02
1.296606728538307607e-02
5.281961282491920429e-03
1.796208460031323241e-03
-2.668141283545821980e-03
-1.696439035599013254e-02
-2.058459357133699680e-02
-1.164714527067900462e-02
-1.379839652686882731e-02
-2.046092913166717292e-02
-2.172268657457152724e-02
-3.007287202367479179e-02
-3.974316386986913308e-02
-2.967418754038248993e-02
-3.317263951179825338e-02
-2.928137004839754740e-02
-2.552031558888927590e-02
-3.066458503094224991e-02
-3.054702649467628747e-02
-2.997685918367381033e-02
-1.653417777075674028e-02
-9.041227160955145684e-03
3.607087710528844669e-03
1.660618065992593845e-02
1.430501978946665566e-02
4.107358606310640425e-02
4.349211687426759315e-02
4.156586263750341320e-02
5.475941660758678470e-02
6.080607723376089957e-02
4.706454232045302610e-02
5.056242365295134100e-02
5.190287202063643968e-02
