-8.910108024544171734e-04
-7.455158654350313441e-04
1.488255162964691181e-04
4.422987157532531910e-03
4.415383781513071426e-03
1.044918540903907490e-02
6.457302570785828158e-03
5.438051718024894052e-03
3.480941375249812977e-03
1.992188178186751063e-02
2.292609910639953341e-02
2.776838923284401586e-02
2.267297711111382341e-02
1.944003462039347457e-02
2.420099122277576814e-02
2.828906769198482468e-02
3.305578543257894214e-02
2.845506226530574237e-02
2.017434900099033396e-02
9.656994724551282161e-03
2.373070897501747961e-02
3.337491178844800149e-02
3.082217753302529673e-02
3.342108479652381586e-02
4.607051674163357979e-02
4.585338351558902736e-02
6.190895773078750747e-02
4.759695034919105006e-02
6.307394733180160529e-02
6.510940961891834022e-02
6.057833686174944610e-02
6.306020184473766499e-02
6.388988567801448526e-02
8.682936824934869846e-02
8.976968549795003027e-02
9.199789897207608091e-02
1.035939780213709638e-01
1.147726939478332098e-01
1.186087902851198778e-01
1.337673132128117115e-01
