1.015522672297297733e-03
7.296615973615061188e-03
1.001260577570981490e-02
1.344466200615812568e-02
1.575933141007013205e-02
1.669318905887280310e-02
2.045179844225728655e-02
1.903585017441571450e-02
2.258411187869597755e-02
2.445146648134368522e-02
3.357176929451952813e-02
3.518257853929753626e-02
3.480658987840286323e-02
4.154126240263309594e-02
4.159587811215885444e-02
5.234017668842909365e-02
4.683588569429560089e-02
4.656106584031647483e-02
5.890902596016189818e-02
4.839771765142870941e-02
4.375547375418591123e-02
4.889043162118298508e-02
4.670151695306117012e-02
4.715848337030479481e-02
5.432435633597094971e-02
6.540589385219561236e-02
7.952054196855158630e-02
8.487272927285119395e-02
8.164600299778897174e-02
8.664284274524050589e-02
9.094981044338226739e-02
8.779288173367091885e-02
1.042488917641378465e-01
1.207983225641385133e-01
1.172634303475490469e-01
1.130557871173778067e-01
1.213465377115483107e-01
1.398889014046943713e-01
1.367332073463018161e-01
1.551571916336570156e-01
