-1.270859829573645181e-04
-8.217890139487593181e-04
-1.251388947519061021e-03
1.148366005712375725e-03
9.323634518423773877e-04
2.119955220034342065e-03
1.244478098294621391e-03
7.652123589164716404e-03
1.056983339531853902e-02
1.895729707379843060e-02
2.523813532161795978e-02
2.998306512909465482e-02
3.258720420803200291e-02
3.623365620317713087e-02
4.536694853085095069e-02
4.415926690357707685e-02
5.213162723422896938e-02
6.853399374284663281e-02
7.106981598883806150e-02
7.661275486544524838e-02
7.893658198146055738e-02
8.622391668190232394e-02
1.038631579032426033e-01
9.983968621560848633e-02
9.916117593022022447e-02
1.128060746789032037e-01
1.096906732783281824e-01
1.259640398899108393e-01
1.319629477749032220e-01
1.452947887758909984e-01
1.474114008936140974e-01
1.610959819106625446e-01
1.568397781299097349e-01
1.710582635456944500e-01
1.814015117097284302e-01
1.957731723816550640e-01
2.028596741749282839e-01
1.977614826199101117e-01
2.027868574658299450e-01
2.045100856039482606e-01
