3.065646282064627077e-04
9.496829830144549165e-05
9.693920889397133599e-04
-3.546628190832734834e-04
-3.172874069643683188e-03
5.197808345847931616e-04
-4.275052496900855095e-04
5.383303030015440527e-04
1.543583377683717048e-02
1.297962596582209402e-02
2.007560472734439688e-02
1.970852547905650384e-02
2.483891396893795830e-02
3.668244049448077249e-02
4.330192641302375162e-02
4.905066420169390540e-02
5.026416820030590177e-02
4.735347577464495139e-02
5.511727957114374160e-02
6.476508821737922417e-02
7.108374760323954433e-02
7.094843953641145895e-02
7.033471327148106689e-02
5.316155517375307366e-02
4.964176302601117780e-02
6.759086533375864569e-02
8.145231153329177132e-02
8.006181186887033341e-02
9.447478734682875079e-02
1.035035095100965974e-01
1.046764485327770500e-01
1.103228412348585125e-01
1.225954530988900559e-01
1.438013047509230091e-01
1.649463919890962471e-01
1.781002993261324718e-01
1.854402663297918252e-01
1.942849557058082266e-01
1.956784476491208180e-01
1.940699334988181535e-01
