1.571797460176149784e-03
4.225842672448365707e-03
2.441700045042338556e-03
4.871497206998753882e-03
5.887066350802427732e-03
4.591643730125128178e-03
1.009105961449421364e-02
1.253260907517699321e-02
1.134800642906697021e-02
-5.574435680486544697e-04
7.877289442170365419e-03
1.229435938280403276e-02
1.645550120781678199e-02
1.777106535822241609e-02
1.247649442228748740e-02
8.707571124034529930e-03
1.114602715922217123e-02
1.412768173527183604e-02
3.012682895980560785e-02
3.470186645867841257e-02
4.510008932519156410e-02
4.680350315580313059e-02
3.423918737692020070e-02
5.040869754346601755e-02
5.363355439808401709e-02
6.911472352748546100e-02
7.268112306678346790e-02
9.585781662672161751e-02
9.423178996294154230e-02
1.051984905968481598e-01
1.072211929131071939e-01
1.241916545424714968e-01
1.223616753080449399e-01
1.409399248192869381e-01
1.458665755644091289e-01
1.562438536185766225e-01
1.651187902239001914e-01
1.602791362051647073e-01
1.590514219782477312e-01
1.636172987232356602e-01
