-7.927149755372120193e-04
2.767091488295392136e-03
4.368639650297723338e-03
3.420727663365852409e-03
-7.704207419266140711e-04
-4.661663669260462939e-03
-1.360968820556252012e-03
1.951517094339294458e-03
5.559801398240438522e-03
8.353483199104515949e-03
2.039568978951962139e-02
2.011291096538201512e-02
2.292260960741003897e-02
2.327536144561719381e-02
2.769153090113007920e-02
4.287504940193685027e-02
4.833476487659708887e-02
4.736579582753677048e-02
5.876930052636737678e-02
5.047031564714928031e-02
5.731661869592698938e-02
6.507491974736297202e-02
7.289907220651911657e-02
7.095126605913151807e-02
7.444773106727779755e-02
8.103382324901246825e-02
8.976161395860912662e-02
1.004247866204679013e-01
9.585148462761594601e-02
1.021660846879598183e-01
9.497961185584244403e-02
9.681679910517856924e-02
1.159705242838015293e-01
1.237633794963869660e-01
1.381731088121057327e-01
1.496111249484101680e-01
1.680748548967073985e-01
1.727514296916410896e-01
1.654620046100802599e-01
1.721221413329715177e-01
