2.624071019392104740e-04
1.669382068971003675e-03
5.027713338758843520e-03
8.484636392688571158e-03
1.390182766361647282e-02
9.143660283105248948e-03
1.232509121357523371e-02
8.572425617154521768e-03
1.679254830979886107e-02
3.162096491683570598e-02
3.271171032963167413e-02
3.499557630246243750e-02
2.631116021949537684e-02
4.153793241580672202e-02
5.311932418783129467e-02
5.372078471644244069e-02
6.565460649063936671e-02
6.901564502521181921e-02
7.071756773194692869e-02
8.974374290459366521e-02
9.668863435813364327e-02
1.170448235417097804e-01
1.317567492523835371e-01
1.333307788810031980e-01
1.447994549532665987e-01
1.596589133716804498e-01
1.562680689790738597e-01
1.691829317160426227e-01
1.824612462241844979e-01
1.876416571655738497e-01
1.895926359953932772e-01
1.961882680609903784e-01
1.989997148695550888e-01
2.165563303206965995e-01
2.270100872018644966e-01
2.346957082875434364e-01
2.347358559600735417e-01
2.420820789331400991e-01
2.584808096054956872e-01
2.740486341678632920e-01
