-8.532235354032913222e-04
-2.565945223499887899e-03
-5.075128109841032034e-03
-5.929779411288649445e-03
-1.252721603038580225e-02
-5.616348860660735562e-03
-1.156777223796012864e-03
-7.066068933127666717e-04
3.075372881374960257e-03
7.948863742778655012e-03
1.930739818278937123e-03
1.857514777037749896e-03
1.654013945179144771e-03
4.239958479384142893e-03
1.066277313313435116e-03
8.677818764985545733e-03
7.099388115378246766e-03
1.061481672575155175e-02
1.125200337825731436e-02
1.418269413908319551e-02
2.059112432378356131e-02
3.176764870476063429e-02
4.141155009138230980e-02
4.595228313742438786e-02
5.457500123494298666e-02
7.542251355368989607e-02
8.348562709336419807e-02
7.886747136663530000e-02
8.897484195628919956e-02
8.604036102649956219e-02
8.472216634162918480e-02
9.807594504134442559e-02
1.090501512498036618e-01
1.208345008279081839e-01
1.284313730204161286e-01
1.298936260957020694e-01
1.272988370671498670e-01
1.309393964950601175e-01
1.443318727208065810e-01
1.573508795897140544e-01
