1.813575974140668842e-04
1.427227074769632422e-03
5.439835419846162029e-04
3.600459167011393728e-03
4.690735173452508996e-03
8.338119162384315802e-03
1.391620253792496056e-02
2.769045465119148591e-02
2.954673720557394676e-02
3.077326554631980640e-02
3.386909219635043933e-02
3.482846317587871138e-02
3.254258069228086608e-02
2.339515865643306686e-02
2.031702881567554186e-02
1.526973528263084710e-02
2.243756479657292927e-02
1.991168408253258734e-02
1.759211151808699400e-02
1.269224241958681956e-02
2.652249661183248008e-02
3.424430408095986700e-02
3.344214660891964286e-02
4.030725468939806710e-02
5.265643223879976770e-02
5.941235133887516617e-02
5.800235732006342459e-02
5.107638310648496965e-02
5.443075570630924453e-02
6.756231948270396970e-02
7.797268749856414716e-02
7.974640913715233537e-02
8.006701506065497242e-02
7.930836828905966918e-02
8.412440025963405232e-02
8.690237911380052638e-02
9.057283541532683280e-02
9.835237114946834835e-02
1.057808333912277077e-01
1.125022133935317525e-01
