-1.032551255678004851e-03
-9.808339888778051276e-04
2.784853822610245007e-03
8.554935974842692303e-04
6.384022069248374443e-04
9.677327071607067389e-04
1.348092516142713679e-02
1.905011406774690524e-02
1.920667637899100416e-02
1.633452622872937424e-02
2.670836404199121786e-02
2.247217525134743640e-02
2.228446383863484995e-02
3.091259893670894598e-02
3.630002971175940590e-02
4.337545835294349950e-02
4.455133301241574056e-02
4.577608609839103199e-02
5.386826527429775663e-02
5.955646352952044531e-02
6.134542270594067759e-02
5.108411668233827502e-02
6.867900043828853440e-02
7.576174486270019492e-02
8.796032271824572035e-02
9.225520382153433452e-02
9.125354066418936427e-02
9.094756931830830227e-02
9.141764834623984648e-02
1.009623033690104366e-01
1.163458640310068432e-01
1.260649470974357089e-01
1.348275793754623864e-01
1.393676536705527325e-01
1.625286429099645491e-01
1.579427120948025676e-01
1.491484439621984792e-01
1.524775628456694621e-01
1.541816088126324868e-01
1.528092434751925910e-01
