1.110069859349227615e-03
1.929711212460105685e-03
-5.045051670800404855e-03
-4.755819070853917023e-03
-6.575638720272536028e-03
-1.016963304705882296e-02
-9.413061678046830832e-03
-6.910270224250325381e-03
-4.224416419839371536e-03
-3.721472504196299269e-03
-2.490068292982527791e-03
-4.998912293103785216e-05
-1.585036307859866243e-03
-8.994186453691099597e-04
3.765342397691995302e-03
7.959170026617811908e-03
1.740956608703641065e-02
2.662213571569225362e-02
2.339336160492848718e-02
4.012220607473863943e-02
4.021483755467443466e-02
4.858380169847862501e-02
3.845392163622705223e-02
3.917699235701377347e-02
3.449252461508649226e-02
3.705121248555372226e-02
4.541276319692997415e-02
4.576105816075539540e-02
5.034927245982601107e-02
6.063451299682185575e-02
7.146762407343772161e-02
7.604836341429006830e-02
1.021026217228808292e-01
1.124863136885409232e-01
1.231421024054782237e-01
1.384309530495926310e-01
1.500482481667063384e-01
1.640158611980467585e-01
1.738778370766880244e-01
1.780711441454116140e-01
