9.273344981532538178e-04
-1.519254727094576651e-03
-3.185298321702134585e-03
-6.386071213832167359e-03
-1.319345809544785267e-02
-7.217617021133548860e-03
-2.177961177009280023e-03
2.954627114056051964e-03
2.647020310369896379e-03
6.821566021731939426e-03
1.386440514311857407e-02
2.172564859577619245e-02
3.006514228481762391e-02
3.002133605480423670e-02
3.848421395991437344e-02
4.057921054998701177e-02
4.640964219514955719e-02
4.363404653222176244e-02
4.214739634784052391e-02
4.589961710065324635e-02
4.812972210119710603e-02
5.075312884217453302e-02
4.638931627737861302e-02
3.168145736107987748e-02
4.585960205477590534e-02
4.782604763213101073e-02
6.066914714043605134e-02
7.114899227924240122e-02
8.436657935865810032e-02
1.035119147703397885e-01
1.276511553638101648e-01
1.424883852262752160e-01
1.435451818721674155e-01
1.562935370251835876e-01
1.621605667222752456e-01
1.764995846935107637e-01
1.859181163337524367e-01
1.921897667813539101e-01
1.893452214875082917e-01
1.796000841323262820e-01
