-1.029844201980711915e-03
-1.176858783690271125e-03
2.466530703376790170e-03
5.285189817263358583e-03
5.384812283089956964e-03
5.801396992673347065e-04
2.366127624051017446e-03
3.335514368531278338e-03
1.016185380203324905e-02
1.057639688994811353e-02
8.870380659224963438e-03
1.595239768241896172e-02
1.518405153669704147e-02
2.746857817193841880e-02
3.008648949743104525e-02
3.924401467374707270e-02
4.444687136524407695e-02
5.147909792864311523e-02
5.356731503185585552e-02
5.552732281371106776e-02
7.206605046494871103e-02
7.128374711336391001e-02
7.392953158757506471e-02
6.488346242010720188e-02
5.910736925254127250e-02
7.704518093612477969e-02
8.752932930964334168e-02
9.990432300055829273e-02
1.089811457618054674e-01
1.231558362147382041e-01
1.115389027438197928e-01
1.254996614511128539e-01
1.364683452175682876e-01
1.566777013476866043e-01
1.651200526533841695e-01
1.704466298350354181e-01
1.758294501580564828e-01
1.868557908621852337e-01
1.763817657472458167e-01
1.668951816796294396e-01
