7.539164219669380450e-04
-7.978313832815331786e-04
1.931957515367344112e-04
8.783871509251639726e-04
2.776301890000354346e-03
7.595384278590700151e-03
5.976806004748170045e-03
2.307496256939600698e-03
1.552906569868639421e-03
3.407303455874455354e-03
-3.269481488570136034e-03
3.812241719609232946e-03
3.367269794340188669e-03
9.569704916496845487e-03
1.911270830046163383e-02
2.281725507751417720e-02
3.035208849061916611e-02
3.584372961259987139e-02
4.176876305311623405e-02
4.202166641725000457e-02
3.988074155588492570e-02
4.753241491459050255e-02
5.730621922475905017e-02
7.241630726041137223e-02
7.558979863524654952e-02
8.451171937803110545e-02
9.396718062906188329e-02
1.001424801316517232e-01
1.152475034572603418e-01
1.196323000169798034e-01
1.305312592400326710e-01
1.406661865857188332e-01
1.564530447645523792e-01
1.603377058982261016e-01
1.547344678767217374e-01
1.562176147066594578e-01
1.666274603406918686e-01
1.643183653989098159e-01
1.582450078714515429e-01
1.741887253070757424e-01
