-1.754328404697780373e-03
-1.988855476118089709e-03
2.762167340796750463e-03
9.377906343559061064e-04
-4.693583524444733604e-03
-4.782845633404519785e-03
-1.520088896481297568e-03
1.749951204820376829e-03
5.545848674066178666e-03
1.031591738781401091e-02
1.459430560253025498e-02
1.751624749701932021e-02
2.156288274422308790e-02
2.645789108379119695e-02
2.727923379921719585e-02
2.154888768255034531e-02
1.866560365953375683e-02
1.894935428757378235e-02
2.935605822166848997e-02
1.727910920102147113e-02
9.858624494603418845e-03
1.237794542650760832e-02
2.505411565181816375e-02
2.444705489394038977e-02
2.633905525988495741e-02
4.013251860579600955e-02
4.842662147381702337e-02
5.983063677068400921e-02
7.593661517799717153e-02
7.642438906287055134e-02
8.279638292932248178e-02
9.841132448077302697e-02
1.101012813688441866e-01
1.200442823622267924e-01
1.335549724465494026e-01
1.441057128587061587e-01
1.498358268768157642e-01
1.472899990613143473e-01
1.652161044519772359e-01
1.775074664055892870e-01
