4.931434358173448097e-04
4.868862449363575598e-04
7.337776013983087972e-03
1.274122694810344604e-02
1.198662439467881348e-02
1.170760748954933171e-02
1.163847073990353920e-02
1.068065178695434304e-02
1.980539373187895080e-02
1.599708662180177043e-02
2.057337252364419694e-02
2.639175148435128973e-02
2.748406028924961150e-02
3.384934388477347372e-02
3.238408087598543261e-02
2.339079362120344285e-02
2.676685545185364390e-02
3.766816671271442513e-02
3.373291399439608262e-02
4.412142283017601863e-02
4.801187099593277885e-02
4.438455542871509035e-02
5.205052918594503530e-02
6.528524055329683329e-02
7.399378537297138236e-02
9.062743388690819302e-02
1.018574718194628359e-01
1.089327874969825416e-01
1.048452069247247237e-01
1.217138351327804457e-01
1.324561340370848939e-01
1.387007299377557845e-01
1.429661262547853029e-01
1.410282743685570550e-01
1.506358326498570821e-01
1.497520099481988720e-01
1.689465614124941450e-01
1.912580788274823307e-01
1.745936577612240970e-01
1.876115933645934319e-01
