-1.558864648260271935e-03
-9.855024838850922307e-04
6.257972170431002745e-04
-6.307831207796254884e-03
-2.619946239293113703e-03
-6.304625929549700566e-03
-1.920858594543517397e-03
-6.794651439400922407e-03
7.139194791520253819e-04
-2.775345782158922074e-03
-5.747400306202621149e-03
-1.071949802525011888e-02
-1.293470789582613564e-02
-2.449065989000018956e-02
-2.768306512872129727e-02
-2.248006703147780241e-02
-2.463910232477246540e-02
-1.429398030127515540e-02
-1.464635344589169073e-02
-1.566191786099011690e-02
-3.635868270094988583e-04
2.266851490247745460e-03
1.627120447824097552e-02
2.069115439502411304e-03
-3.982248592336645526e-04
1.053039832370927797e-03
-4.806769994374349153e-03
-1.185635188247147198e-02
-7.563093081256510967e-03
7.932644552980150365e-03
2.980911249715347683e-02
2.846835533636067270e-02
5.947642577177134765e-02
5.706232536754782952e-02
4.966076646938688555e-02
7.080425012942725971e-02
6.823697857194872818e-02
7.250826589484801743e-02
7.492510325371312674e-02
7.919394037421625954e-02
