1.585459343110251582e-03
2.301433660175433715e-03
1.232638031734723015e-03
3.833896957434035531e-03
1.332651313367136901e-02
1.617040264183273665e-02
1.765220596850909304e-02
2.301159043460643261e-02
2.293545173328226383e-02
3.541412896385764952e-02
4.540059817666701469e-02
4.131322855871814859e-02
4.722547101999197139e-02
5.549523394850552904e-02
5.337338287341566317e-02
6.392136667169978637e-02
7.986980507726570977e-02
9.112969819541376360e-02
9.654576114376425822e-02
1.003969032344429052e-01
1.056051816229398865e-01
1.126596330399451118e-01
1.117642968517287699e-01
1.238693215908739376e-01
1.452476222874451994e-01
1.533259889638941276e-01
1.641303377481619918e-01
1.644541595514937282e-01
1.721956643786569374e-01
1.689219161370488220e-01
1.796572112269586852e-01
1.818845841581378520e-01
1.902902226362215288e-01
2.137662191960401914e-01
2.053012559825361794e-01
1.929880754425823963e-01
2.002877661632794515e-01
2.006897365647120068e-01
1.988883718966661662e-01
2.089667479062995992e-01
