-3.643062521824447448e-04
-3.668644240197949189e-03
-3.306613816370429287e-04
3.370949457623595522e-03
2.706506325703372708e-03
7.248042331206505477e-03
1.025774246575821350e-02
5.481982184703327113e-03
1.118032687112986354e-02
1.268638551829042241e-02
5.286101162717216084e-03
7.239975853492808602e-03
1.001355118374789265e-02
1.287640141665917851e-02
2.645339608162800005e-02
4.120753715938718642e-02
3.483743239537773206e-02
2.503604078498824353e-02
2.877933807882016026e-02
3.024872240718821242e-02
4.355920814677460839e-02
5.370107124434753132e-02
6.491646476177663494e-02
6.558238120472878463e-02
7.204894415662579932e-02
7.862139291256368956e-02
9.687477658274304404e-02
9.751837411333497130e-02
1.096041870451756467e-01
1.231384516147301100e-01
1.345556958910265055e-01
1.460975203838756897e-01
1.402658525903092424e-01
1.404900606682616682e-01
1.399025878750450036e-01
1.415480009955217555e-01
1.526570943003150715e-01
1.774296441019373449e-01
1.673169876108460130e-01
1.700635989869539455e-01
