1.353702722272842694e-03
5.896168359660336478e-04
-5.200145256996790803e-03
-6.762298324112236969e-03
-1.882215481894888810e-03
-4.639664331890003051e-04
-1.323994419504970254e-03
-7.365372440915507902e-04
-1.128541006208649746e-03
2.477456471682160186e-03
4.307195325850443515e-04
3.914835515803361150e-03
9.467061230148487647e-03
1.502883330791178126e-02
1.138603337989252395e-02
-6.086031635895494674e-03
-6.648973609929953628e-03
1.514366815172252245e-03
2.025025044577830752e-02
3.034740855804329840e-02
2.490412285536649367e-02
5.153254730877563500e-02
5.479224906338799744e-02
6.380122170495212963e-02
6.822330582953384237e-02
8.333656494574200047e-02
9.042761909378498053e-02
9.495887872409128350e-02
1.504357985935229070e-01
1.134808774874016962e-01
1.337359878886587583e-01
1.327739047998761635e-01
1.473973151375957968e-01
1.470967057656878407e-01
1.678004062920962214e-01
1.624715558885270750e-01
1.637275422231709854e-01
1.522045141850867367e-01
1.644879369273439806e-01
1.681810333375608479e-01
