-1.128879665130266786e-03
1.442198589062471115e-03
-2.108677176302009657e-03
-6.085710441173119989e-03
-3.667836733379914362e-03
1.541273950669364099e-03
9.548961430245129361e-03
2.958632339598921135e-03
3.287019306802107989e-03
1.233443895889791905e-02
2.652705047014478762e-02
3.588191149935937574e-02
3.670985006100409287e-02
4.899180102871696085e-02
4.382076916848518661e-02
4.609149073715457234e-02
4.574244024627489857e-02
4.725189609910671745e-02
4.983606421959052568e-02
5.309151116594819364e-02
5.393049662988289722e-02
5.066727412653904139e-02
4.986572966295454989e-02
4.456813449272658406e-02
6.013765001283104261e-02
6.154767958820457630e-02
5.581946180845136218e-02
5.883077409717714368e-02
6.945901889317269984e-02
8.260167009473491639e-02
8.654078368456907810e-02
9.678189971992594287e-02
9.785034935989926630e-02
1.127618769671840937e-01
1.177791247430064886e-01
1.173511976753985608e-01
1.065692035124698178e-01
1.154942465613885416e-01
1.342373515573882514e-01
1.295643322612249904e-01
