-5.785765867029723630e-04
-2.550995161392499537e-03
-1.246001448907918486e-03
-7.186210925802072325e-03
-1.139731754787121076e-02
-9.138540632336855304e-03
-1.186667883179950457e-02
-8.200226512664698583e-03
-1.240861366471790418e-03
1.621642184213101332e-03
-1.893575483354936794e-03
-6.992345986650150107e-03
-7.285933047970161343e-03
-6.652595045238740351e-04
3.119099752937870649e-03
8.594366506996209756e-03
9.687055032907209914e-03
1.508283322197883150e-02
1.548745366876289574e-02
1.896345304317605812e-02
2.268947544956177037e-02
2.866804956795476755e-02
2.723087490315379000e-02
2.636252014518447595e-02
4.490801661310399318e-02
5.376825597957690661e-02
5.120352190254777447e-02
5.600228682353645265e-02
6.775739219545755254e-02
8.590278087984586086e-02
9.219780461016569006e-02
9.825129851183475593e-02
1.012523118101597702e-01
1.032138460643352573e-01
1.137653743292332820e-01
1.099631323410022732e-01
1.098893942224094672e-01
1.277384063277736403e-01
1.335723757755601926e-01
1.349752573386382437e-01
