-1.200743440295681851e-03
-3.147051138972756148e-03
-5.299511757647224278e-03
-1.933224129692234696e-03
-1.934305965141902475e-03
1.590630960187411347e-03
1.467172762286139687e-03
-5.710206448213739133e-04
2.888565010965749198e-03
3.949168106935019296e-03
1.642611845205976806e-03
-1.286979688458700312e-04
-1.089411099214032588e-03
3.737934221980765415e-03
1.042015234998814287e-02
2.045834552588985528e-02
3.428870100348717365e-02
4.515189781630511018e-02
4.708638232615385000e-02
6.106436693885086697e-02
7.313090685947258585e-02
7.053781289663163534e-02
7.740306595552795543e-02
8.033356750867141904e-02
8.120424678811559438e-02
9.332998399969198722e-02
9.399682961402219816e-02
1.011335031348750135e-01
9.836693973907983946e-02
9.787999676802031090e-02
1.024553264149915266e-01
9.516252890337568993e-02
1.053034641279992911e-01
1.082046016826126306e-01
1.056224349406363616e-01
1.019925235496941668e-01
1.016998401911280298e-01
1.167634619439354565e-01
1.223632977314878245e-01
1.392253051446744050e-01
