1.111335919241973526e-03
9.336326042072684139e-04
4.343176045369290597e-03
8.250389645588284554e-03
9.491903403544910481e-03
1.102182618488569722e-02
1.480907220168106199e-02
1.489954578572110291e-02
2.262500054379046333e-02
3.403236460326865970e-02
2.213805283769403401e-02
2.580170990387955360e-02
2.773450881480670274e-02
3.549237455520426465e-02
2.946873994139167369e-02
2.687339444567697980e-02
2.842321063584734089e-02
2.705477815538586198e-02
3.397437936033611411e-02
2.949061049960448669e-02
2.958354787213579584e-02
3.022162478924030754e-02
3.528810462984210972e-02
4.043632783446469287e-02
7.677427503702745348e-02
8.606578707618553481e-02
9.583511348425872989e-02
1.096874464828147266e-01
1.111300790587051723e-01
6.326617334814273186e-02
6.966178657635850591e-02
8.688733010959311109e-02
1.103332178786331497e-01
1.065932983938950029e-01
1.127155025682583245e-01
1.214519092660651667e-01
1.257329985782234816e-01
1.330531909493856690e-01
1.678304733582564323e-01
1.752097157736187683e-01
