2.412501506652553300e-03
1.543783909918161612e-03
1.411440452525170031e-03
1.081276327800892965e-02
1.089827127796425509e-02
1.260600543268068988e-02
1.669257954932632654e-02
1.975247847964567427e-02
2.322961582684257564e-02
3.242554925299430402e-02
2.765841702070161862e-02
2.724125896560565183e-02
2.378709456692007507e-02
2.619837390760295509e-02
3.029558769395919102e-02
4.085370854407414931e-02
3.607222137823527103e-02
4.224240505262742001e-02
5.855398631696857870e-02
1.123300021385603004e-01
7.692069599643218403e-02
7.917928367493232145e-02
7.842788547931434096e-02
7.840992392360135455e-02
8.566615839525582032e-02
9.878018676036219581e-02
1.105827778112797033e-01
1.213550569830999792e-01
1.281502991142417502e-01
1.141022682621013473e-01
1.346023683070200205e-01
1.491571352485323021e-01
1.557817238483096278e-01
1.509186170610632982e-01
1.624875186485098821e-01
1.746099479984650205e-01
1.840457057983400091e-01
1.755753073055302538e-01
1.853069605792910524e-01
1.892047801536136942e-01
