1.565999320372490899e-03
1.453285309485963239e-03
3.243895853238853814e-03
6.719363281271739305e-03
4.984583854270141501e-03
5.763975925326292327e-03
2.655970039265298597e-03
-1.729741271775253695e-03
-2.620785611640030766e-03
-7.608899634220733788e-03
-1.089298940855911758e-02
-1.351529826276163214e-02
-2.038018546211759624e-02
-1.376589258153018171e-02
-1.098261194988481206e-03
6.714840120656618075e-03
1.323223722163504625e-02
2.526535769054021399e-02
3.300430045186431016e-02
2.853603861210558465e-02
4.550281577933219801e-02
4.325736299477114105e-02
5.490489376522304787e-02
5.163769796782560068e-02
3.643624428501368584e-02
5.410696918128791999e-02
5.159081085435843900e-02
5.521210963189844556e-02
5.949959173878198448e-02
4.827198981146522960e-02
5.639628578782094476e-02
5.167741318466596845e-02
5.236229777965206722e-02
5.525084074507446985e-02
6.154991139296726171e-02
5.643679296896664255e-02
6.218905201116910891e-02
7.258488238967117367e-02
7.671431667298236889e-02
8.787739973520558578e-02
