2.094397538604741928e-04
1.508340185586831651e-03
3.965587412331217094e-05
-4.983854280212085975e-04
4.171567885226323824e-03
4.267016349974284140e-03
2.096262260420189531e-03
8.706130556475955018e-03
9.893553397226639845e-03
1.323544335180457630e-02
2.586784722229964334e-02
4.056369178491223831e-02
5.047041750911063218e-02
6.397399512857475379e-02
5.762245667928596327e-02
4.919744285576399534e-02
5.307052412832291566e-02
4.537450708714061559e-02
5.431197636356444036e-02
6.743836062065895753e-02
6.176091255492792420e-02
6.490081256062012194e-02
5.798852481279936910e-02
5.242974107165423309e-02
5.534578242917120861e-02
4.529960335549958195e-02
4.376221710739400944e-02
5.301440088029494430e-02
6.691529482784801253e-02
7.107554992202551325e-02
6.403398287554011581e-02
7.023062016210701586e-02
8.052200603020480407e-02
9.095728905650161955e-02
9.313188799173417742e-02
9.740579753382121175e-02
1.025275180972471389e-01
1.090619920306551138e-01
9.928191609307077115e-02
1.192318106187428839e-01
