-8.200893249826535008e-04
1.871334997991347436e-03
4.139845431371113813e-03
8.026466470013104287e-03
1.751616687911194915e-03
-4.469211870279821033e-04
-5.516813692555189164e-03
-1.031280930030220675e-03
-2.023947590353714163e-03
-3.246354172577525961e-03
3.517801943633003421e-03
1.387020510365175562e-02
5.625374780802871837e-03
9.566960761377174202e-03
1.456992202471667566e-02
3.524716200230386398e-02
3.931613347296832039e-02
4.084629656073275605e-02
5.087003228923379222e-02
5.204524574250228575e-02
5.775966173100073597e-02
6.264900897935490875e-02
4.848807899157350082e-02
4.064375765690612929e-02
4.930321234818393211e-02
6.607097720647345240e-02
6.496121505119845096e-02
5.896632232656884298e-02
6.395362107791982553e-02
7.316157644900442292e-02
7.557586043333799908e-02
7.297763626203561393e-02
7.363142094069416443e-02
8.506423220271415453e-02
1.066143238798702014e-01
9.771293765272162646e-02
9.861285901716883295e-02
9.834474286218437833e-02
9.768294309140515552e-02
9.861992534367516883e-02
