-4.980821140520674383e-04
1.970863455023064148e-03
2.825999122059386299e-04
1.191600651743840417e-04
2.565749397467698058e-03
2.568291755737561830e-03
3.082287539772465834e-03
4.357775709948441545e-03
1.588405856463737153e-03
-1.808359282789240210e-03
-1.473974736686045573e-03
-1.152870921562367847e-02
-3.035364665538509317e-03
7.821569582377207661e-03
2.879517614945967946e-02
2.128039643037880208e-02
3.094145782694113223e-02
2.906708773786874714e-02
2.951815627199323375e-02
4.200221326555322182e-02
4.459467088532278328e-02
5.159163222647293601e-02
5.505611895019058011e-02
5.989397084618701406e-02
5.600096620101169265e-02
5.480501296198951600e-02
6.605125645150451696e-02
8.000227957147103275e-02
8.692070727710757283e-02
8.515741453088594703e-02
8.603001270132608347e-02
9.160242301583991498e-02
1.005448316338515696e-01
1.093634298133679267e-01
1.122270592639267733e-01
1.259477582643881988e-01
1.279226941533522788e-01
1.329932310808402407e-01
1.342931705821058530e-01
1.401547769592355053e-01
