1.751512229741702866e-03
1.639235323469812088e-03
1.738303773614191441e-03
3.623075179287837955e-03
-3.527035219014607210e-03
-1.683481655238949814e-03
-5.222998111403143184e-03
-1.453785321984923939e-03
1.539799701737365380e-03
-7.476282438446446360e-04
1.059946753432399261e-02
5.409605145344187696e-03
9.908192309673324871e-03
1.954219364448164103e-02
2.895702310541565724e-02
2.513297252679365032e-02
1.422975982214325086e-02
2.591234839438811763e-02
3.363930987204355461e-02
3.720614316306410096e-02
3.937594956123859763e-02
4.377904012651469973e-02
4.546897205268009973e-02
5.452837297627866064e-02
5.130595474104495540e-02
5.360754945318148973e-02
6.046479789116858405e-02
5.611144083352996581e-02
5.625749899344043709e-02
6.889987133912427175e-02
7.510578357315296494e-02
7.132025003107855810e-02
7.761178455285459854e-02
9.527117074015904741e-02
9.534097519309341073e-02
1.110675943510443658e-01
1.165576159526238997e-01
1.222904855792961570e-01
1.358551437925399341e-01
1.294101905197777569e-01
