1.699236700807826937e-03
3.480546008118956623e-03
8.181252709002962212e-03
1.420755759807121842e-02
1.243125743018893593e-02
1.726221058374832751e-02
1.247963380377683541e-02
1.150113886189814069e-02
1.010858128636726860e-02
1.696407167561773260e-02
1.948396562497549736e-02
1.902483674286941165e-02
2.138475855976338519e-02
2.623874399749297551e-02
3.304762049337454932e-02
3.528327009525185354e-02
3.623507715012692920e-02
4.453863302377385203e-02
5.091280926771446502e-02
4.302863320994845114e-02
5.860833881936571010e-02
5.513959558931844779e-02
1.042249655339247683e-01
6.121076867190709120e-02
6.913610449825000059e-02
6.612239284319798571e-02
5.656829727059289187e-02
7.717122637412501818e-02
7.472541143237662609e-02
9.208715334130204710e-02
1.118127562674885722e-01
1.339852312615534002e-01
1.381441660729279819e-01
1.495979848440129045e-01
1.735770567240024209e-01
1.744003833137156845e-01
1.825276312760138464e-01
1.836536118569199461e-01
1.921553688582235964e-01
1.992735216184087221e-01
