1.572954715035557128e-03
1.651960399301799585e-03
3.338201982764843305e-03
6.526190479128146302e-03
3.758588974613985643e-03
3.902854490440432929e-03
5.733246419327287305e-03
6.064122758451162901e-03
-1.442697354372057903e-03
-6.437736729765219663e-05
-1.659929757410338966e-03
-2.958039378589205539e-03
-1.516397926144463695e-03
-6.960551255690461576e-03
9.129389874759396770e-03
1.944186267027276857e-02
2.553060361129837544e-02
2.194387963888573198e-02
2.239149685345864782e-02
2.772134317402787790e-02
3.983078786970963708e-02
4.066727754338898826e-02
4.217142485583451339e-02
5.067225884236563338e-02
4.844318188056036256e-02
4.980979858633531598e-02
7.292767159502773489e-02
7.467252466274487688e-02
8.922430483459323214e-02
1.097149290203333349e-01
1.149332397321074922e-01
1.087967697101362291e-01
1.173553892824145406e-01
1.044660128527510751e-01
1.072127014498107656e-01
1.187081201163465438e-01
1.179043974306892978e-01
1.344727789492992653e-01
1.366176145374708994e-01
1.395993641190330092e-01
