1.039629593357371731e-03
-1.779865857633922046e-03
-4.067515843866331693e-03
-4.137568001569036022e-03
-1.056398991902085483e-03
2.825121383950346225e-03
5.007446778509461356e-03
1.158975736096294964e-02
1.494256030957501549e-02
1.125491649942063008e-02
1.324875287319002802e-02
2.101584928422823781e-02
3.200620456333354291e-02
4.021631488648864938e-02
3.549128837114210594e-02
2.976246523301000549e-02
4.253870423343357465e-02
4.096745110686299263e-02
3.651310335321227007e-02
4.288700003902477104e-02
4.015494112410067373e-02
4.829413931736894344e-02
5.333272034388585048e-02
6.623712113887733621e-02
6.938681067088055265e-02
7.829389343259833545e-02
7.897483194818163965e-02
7.088432013124475184e-02
8.953455219582337477e-02
9.493065699496128218e-02
1.050746082780222024e-01
1.233568727090130351e-01
1.138119067127291856e-01
1.191625231165261284e-01
1.266946971428012658e-01
1.284419248016149540e-01
1.377136026638624000e-01
1.506050321554084914e-01
1.549799433694431516e-01
1.585763152469525095e-01
