-7.444019142272218165e-04
-3.389831357489825336e-04
7.661468820089112342e-03
6.803086969438254354e-03
1.592102885992616873e-02
1.237985177171125814e-02
1.427276623420112821e-02
1.617008268726038978e-02
1.255336624743819129e-02
6.318383545790595343e-03
1.340706694060713779e-02
1.860851286261180210e-02
2.447280435339962285e-02
1.149043962633413719e-02
1.853026307052232230e-02
2.728121913203693932e-02
3.245172985799911480e-02
4.918884092070641145e-02
5.925831964664211859e-02
6.993709566741586336e-02
6.674509241879604537e-02
5.249873406086180694e-02
1.512179933685615582e-02
8.273023414955105875e-03
8.393128264839334191e-03
1.290016014274044699e-02
2.017677413568606110e-02
2.957090197207605867e-02
4.387193228286605240e-02
3.813134442471551033e-02
4.062320068014742269e-02
6.033864829360311571e-02
7.337883794706670515e-02
8.005970786697957919e-02
8.831167413033540192e-02
9.087850575005802789e-02
9.951451411221512444e-02
1.067668971043247012e-01
1.079282039817599098e-01
1.257668701853532356e-01
