6.119757692282234442e-05
-1.343966884121883167e-03
-1.030100956195312322e-03
3.143947203214025703e-03
4.951368872231398481e-03
1.255280351309053834e-02
1.696510061246314649e-02
1.818702337386355478e-02
2.040947851035497182e-02
1.629351689968103895e-02
2.445744773552292056e-02
3.424098969970117146e-02
3.517446451787691053e-02
3.117629895913296562e-02
3.474751123570314626e-02
4.021890855780441143e-02
3.791005210254638769e-02
4.653587098310367487e-02
5.041236034674341504e-02
4.792886560086344339e-02
5.315513799085351543e-02
6.517189731394239238e-02
6.080032968710043229e-02
6.811821485767950712e-02
6.301253102151918584e-02
7.241338372941470702e-02
7.964139867201538991e-02
8.869684825908449866e-02
8.524653031512627321e-02
9.722176011899819059e-02
1.104741004657086023e-01
1.193569902532345822e-01
1.178405543328921168e-01
1.305381614726797979e-01
1.365736179242560411e-01
1.263292504604919542e-01
1.242845464111837772e-01
1.388184571062396344e-01
1.496657869045122935e-01
1.614115646341048316e-01
