1.268362059431371591e-03
4.826259009082356673e-03
5.797452602966046697e-03
1.788677399481137728e-02
1.990826698106431397e-02
2.429367949067753191e-02
2.434833105272673354e-02
2.874264902854406500e-02
3.030812754145131155e-02
2.936075577154611052e-02
3.794780334843039782e-02
3.121719649269607405e-02
3.174581985917655086e-02
3.637521804174781437e-02
3.870397894658452603e-02
3.871023590039186779e-02
3.784379007563387631e-02
5.341381584734676558e-02
6.600576851199946304e-02
6.514574236862244461e-02
7.181358761104092436e-02
7.926645831785492091e-02
9.025713516634255307e-02
8.215042058916140200e-02
7.915552383317674134e-02
7.054237469571944530e-02
6.114052942689056358e-02
6.621088568663538454e-02
6.279498005994241239e-02
6.750360214728630404e-02
8.121438373281364420e-02
9.484753559768535625e-02
1.012273397175420114e-01
1.168046171446661674e-01
1.144817566719069646e-01
1.286488531631078958e-01
1.470038669827687383e-01
1.497268266934639880e-01
1.566383818910850323e-01
1.503582326788460988e-01
