-6.647196905568364617e-04
-4.839702095068787674e-04
-8.861900368533071060e-04
6.888463572540359358e-04
-1.316525003782942306e-03
6.644212724611975492e-03
6.000330778343254332e-03
3.888015252648813203e-03
5.737829138894312564e-03
-1.543983073875665425e-03
1.000056544484237940e-02
1.907222776435730724e-02
2.115368119379894621e-02
1.939614387959380862e-02
2.110416721126427003e-02
3.203676141460505555e-02
3.374931794527356171e-02
4.401815619815750008e-02
4.080919662383166585e-02
4.369133798149391762e-02
3.521461788049009417e-02
4.808032824861072779e-02
7.110331554366382256e-02
8.416105589044491075e-02
7.701340466093994919e-02
1.042717069887345305e-01
1.099296834254715749e-01
1.032590134633636636e-01
1.104230344257786101e-01
1.116187701050307679e-01
1.187405052317075105e-01
1.296740600784829778e-01
1.417068735116742972e-01
1.467605407940112683e-01
1.610578163971041477e-01
1.867526446412824670e-01
1.954606953103876776e-01
2.237512570640319554e-01
2.286952982440709492e-01
2.165797425829026623e-01
