6.635687206408391169e-04
-1.385454591382284661e-03
-1.905966799377267762e-03
-4.909770544184510754e-03
-6.107048790416768833e-03
-1.430224785823241886e-03
8.247666724031432750e-03
8.771586360163041371e-03
7.541300019141772282e-03
1.238260072970405121e-02
2.599664010604385567e-02
2.172562552804038066e-02
1.855050137392027024e-02
1.430145754805494177e-02
1.628376037787120437e-02
1.988505539578113573e-02
2.655710320535149480e-02
2.136433025423514070e-02
2.341216288266423362e-02
2.424683225560499839e-02
4.059721867661778699e-02
4.290508902128635504e-02
4.163176655321194908e-02
3.801904877409754274e-02
4.899308837525780114e-02
5.243852552544581158e-02
6.763094898845452285e-02
6.033228567598882680e-02
6.333245734438719410e-02
6.637024721414945538e-02
6.998737801988283436e-02
7.545286535462877864e-02
8.874142976880534939e-02
8.093712895279452091e-02
1.156941003210306407e-01
1.118623682057204860e-01
1.150592546385354326e-01
1.156079634415220908e-01
1.217309142831368290e-01
1.395340043155527954e-01
