7.479133108980740019e-04
-5.750118138559301862e-04
1.974723036840942032e-03
6.199416449943840127e-03
9.055598651680440286e-03
5.446863584451478238e-03
1.069872446923270104e-02
1.843553536049711422e-02
1.747944589218661943e-02
2.141777543101568496e-02
1.460278559337382411e-02
9.921751156166180169e-03
8.868709821668119622e-03
1.608404313262923324e-02
1.031161573128542772e-02
1.191156714087497973e-02
8.790765607975004406e-03
1.246894472999144840e-02
2.193033641920862781e-02
2.566918555415327249e-02
3.027743036005858812e-02
3.497692156487346160e-02
3.823092599781432316e-02
4.664431196770522231e-02
5.779648676985118388e-02
6.176907575359678187e-02
7.683435698091614641e-02
8.580044439146376767e-02
8.416947524302713368e-02
8.736125764997382248e-02
1.008154235768955742e-01
1.072043824209345103e-01
1.075843111724935908e-01
1.191662712135865831e-01
1.250007314622422483e-01
1.350094450603847862e-01
1.420484498680963381e-01
1.534077924877692567e-01
1.603700623955433002e-01
1.512438721915231044e-01
