-1.648182476671511496e-03
-7.903558917176312310e-04
9.185614615809356131e-04
3.199656723250399182e-03
2.379639088182727792e-04
1.702062266687676129e-03
1.143202730801604582e-02
2.146290788324733967e-02
2.283131129271964710e-02
3.128206848697345777e-02
3.439124494830849560e-02
3.492930206385978092e-02
4.137451003905852354e-02
4.173835438581505880e-02
3.769341610560843214e-02
4.671350757448920060e-02
6.796207720752533987e-02
7.191362605956612419e-02
7.290364906511399845e-02
7.564207489874093249e-02
6.957557332381725246e-02
6.455487222602016018e-02
7.211483402778355589e-02
8.283310472714333628e-02
9.613102699683509500e-02
1.020246749722758806e-01
1.107888118616472128e-01
1.120008288100876881e-01
1.236776585417231900e-01
1.238752882840032099e-01
1.184737616431590368e-01
1.169214662533448745e-01
1.318291984456720911e-01
1.516798837059553651e-01
1.669398745958289854e-01
1.670886976234441934e-01
1.843539389187839050e-01
1.832376977841846666e-01
1.812078669542359077e-01
2.016047674693936531e-01
