1.969145065015531857e-03
9.303664199345363251e-04
2.321032625971852694e-03
7.911129871603606381e-03
1.668040259746419313e-02
1.479660420407924448e-02
1.435516716681775086e-02
1.375321739187001027e-02
2.346057512856418795e-02
1.854395102007231483e-02
1.100778325009628064e-02
7.495977313394064194e-03
1.647149157775800246e-02
1.264376846805532681e-02
1.609908624210305492e-02
1.616563330201472443e-02
1.055245901655723663e-02
1.849738394609517014e-02
2.302983579012618520e-02
3.037188452022121510e-02
3.357796558504446555e-02
4.307858651961567198e-02
4.891942156675952585e-02
4.159870478998754784e-02
3.322059397354167054e-02
5.068580484822291649e-02
5.802813681706595755e-02
5.689106233024858461e-02
6.143344475441949587e-02
1.101675932729023061e-01
6.863632955304979633e-02
8.208982503900870420e-02
6.952769008248935179e-02
7.029969512213370131e-02
8.136803490939428785e-02
7.797352106933033711e-02
1.273407670790163704e-01
8.878480664970141156e-02
9.230806977959389592e-02
1.004041343904731320e-01
