2.628545700381046488e-03
2.648710028712386502e-03
5.031509307272941448e-03
4.751538198458860052e-03
1.036442407690856340e-02
9.914407988215856449e-03
1.910875221718626518e-02
2.150301587340948048e-02
2.985680070940617201e-02
2.368229078331722873e-02
2.462269901374014580e-02
2.886294174447527963e-02
2.496097007758919448e-02
1.990596540656497382e-02
2.501395302570443707e-02
3.939051295910332012e-02
4.083820271847713596e-02
4.284459074210929252e-02
4.866771584146363516e-02
5.376981788825503650e-02
5.966237287211697410e-02
5.385892042457953582e-02
5.157732847394243259e-02
6.084761047990809579e-02
7.038093543217768810e-02
8.264760104436277843e-02
8.893729478146780720e-02
9.592078512120280620e-02
9.558668551700293115e-02
9.869021696254946796e-02
1.134494963300028275e-01
1.214698829808668334e-01
1.379456979118231230e-01
1.584121122973073115e-01
1.732780874619379574e-01
1.846568439094653513e-01
1.746122349145991792e-01
1.879878998830946668e-01
1.836059768089256805e-01
2.004196012313315123e-01
