2.118882398937849219e-03
-1.397289969691683956e-04
1.625532471539869930e-03
-3.830887265905857822e-04
-7.260151091460187792e-03
-1.586711838456267287e-03
-5.786054921414774017e-03
-8.078421186648653690e-03
-1.014985973772155638e-02
-7.546586461994309221e-03
-1.038527204901527022e-02
-1.878503872767964961e-02
-2.237824352231854164e-02
-2.617611012187239655e-02
-2.097271421591955301e-02
-1.561284138321923295e-02
-1.780024761645648823e-02
-2.123749638788865329e-02
-1.947568519118760694e-02
-2.767333797064566031e-02
-1.382431860314170535e-02
-8.602141357846449302e-03
-5.767913500807253686e-03
8.752777791065114235e-03
1.455602628727206173e-02
2.093522009054425009e-02
2.262187952094336582e-02
2.130126861150927198e-02
1.999988307935893911e-02
1.346464318075391020e-02
2.122164426287724906e-02
3.095450925654858951e-02
3.972267361955346410e-02
6.240951044023859001e-02
5.955463389902604376e-02
6.393558965851013631e-02
7.928099891076101358e-02
9.347508970920728744e-02
9.410634334147119362e-02
9.985518056519708530e-02
