7.421569796660420831e-04
1.742117836689871416e-04
-1.906872400952153200e-03
-7.529004300094755200e-03
-7.992265010354059757e-03
-1.631332015682573824e-03
2.629149519213314166e-03
8.338981229412923205e-03
1.225446553414713015e-02
2.023324102362664828e-02
1.906868622888140477e-02
1.345976664041472794e-02
1.853974692080129216e-02
2.838659216341597041e-02
2.510939792216646677e-02
2.619535881565298110e-02
2.831237976223519720e-02
2.532614542728026802e-02
2.823985424444117737e-02
3.697968734628886978e-02
4.954755307738593906e-02
5.418188114290103247e-02
5.686395382233797730e-02
6.482173885474366848e-02
7.459155391422030157e-02
7.812701420580196732e-02
7.815824757733480510e-02
7.721505695768940414e-02
8.365769428782528216e-02
8.817238502324187266e-02
1.043260822991129572e-01
1.036058498467042482e-01
1.006503073200349235e-01
1.114725836092361477e-01
9.708483402458796541e-02
8.796962984205550229e-02
1.083063678691388587e-01
1.149178896390623122e-01
1.249048979883213006e-01
1.357590806472586675e-01
