8.527336465119717207e-04
9.762916658939246439e-04
5.856355400061729992e-03
7.996241468331532695e-03
2.035785624736519053e-03
2.008856468886222220e-03
2.799065632542152657e-03
4.793277298037424035e-03
9.970258093048300907e-04
7.863888350610182681e-03
1.723400060621997978e-02
2.837887198339359568e-02
2.071881077965400525e-02
2.244996720117455741e-02
2.278797300196373429e-02
2.526109695883462652e-02
3.033054351777764168e-02
3.421516875539509783e-02
4.764295656019897074e-02
4.370205242641134191e-02
3.856940619866122688e-02
4.041459886622646852e-02
5.936677229002782635e-02
6.862762236528112403e-02
7.197293314503952488e-02
7.673942576093395473e-02
7.407546481985320674e-02
7.940383982390528117e-02
9.516473013458721930e-02
1.011890311819314547e-01
1.172985437522925112e-01
1.278975229916625156e-01
1.419072343228549582e-01
1.522819912404827503e-01
1.616087215968832480e-01
1.680841791184604916e-01
1.601952242766003509e-01
1.707016027575377903e-01
1.681076995240459726e-01
1.856814651996842314e-01
