-1.743146053058453136e-03
2.470816052630908557e-03
5.676652441600182550e-03
2.447418978865556569e-03
-5.622856041080126141e-03
-8.018286372179517577e-03
-3.582880154918655254e-03
8.033870460081970599e-04
9.487765083265741958e-03
1.936358810711880096e-02
3.379861817970066656e-02
3.237649902615231945e-02
3.481061211488025581e-02
3.466550061726252074e-02
3.911145928686323575e-02
5.281153922383907684e-02
5.505587442430055767e-02
4.914441863823811041e-02
5.556533497001225896e-02
4.045260986453626945e-02
4.000482026740712765e-02
4.380101755585030787e-02
5.111998978180167658e-02
5.064614745031122134e-02
5.567090374333929365e-02
6.513427123032897170e-02
7.249679384950979966e-02
8.227388931523194060e-02
7.934916856056872803e-02
9.054807515184393196e-02
9.103328792098466793e-02
9.984251534662576255e-02
1.280646475180503840e-01
1.454843920520886569e-01
1.693865653850622210e-01
1.905763162948432010e-01
2.180486159501839327e-01
2.376940065543777791e-01
2.464696325501335994e-01
2.692494286317810293e-01
