-2.676140895789735821e-03
-1.048378237499747500e-03
1.164704006582120178e-02
1.657038534040964489e-02
1.666537515106441061e-02
1.981407435855189053e-02
1.874752759630382570e-02
2.479166691696406064e-02
1.378859695796279608e-02
9.531111584344387211e-03
4.133252998533976444e-03
1.099618805028654799e-02
2.114510526592994211e-02
3.770574969197468956e-02
5.489176593629849915e-02
6.023976541526394890e-02
9.417030105059324974e-02
1.202873127157801092e-01
1.491635385242432166e-01
1.729379226069397701e-01
1.926204275752042006e-01
2.354231674871556379e-01
2.479167830950189111e-01
3.072985605445694435e-01
2.643810929459391446e-01
2.835779943953099513e-01
2.972924139675029442e-01
2.967399725121339094e-01
3.142588735302439540e-01
3.200734649504340945e-01
3.124988076944390514e-01
3.160208276882229828e-01
3.139791238994007472e-01
3.160995552900004446e-01
3.130554846527019430e-01
3.089639569093435290e-01
3.253328217553758117e-01
3.406350877782472475e-01
3.436086752996857507e-01
3.645425816612714587e-01
