-3.227443963263265572e-03
-1.095031112949840235e-02
-1.209197220134505812e-02
-1.157232973866655426e-02
-1.363696865256685056e-02
-1.077351562366004635e-02
-8.055889665342874650e-03
-3.048860794295649244e-03
1.270505727814423905e-02
1.720892374401898975e-02
2.896087955205075420e-02
3.702033796724037845e-02
4.077795510841895205e-02
5.064699387689301779e-02
4.911062476498386647e-02
4.102868630383795651e-02
4.450732191607187360e-02
5.247717427471627893e-02
4.565192380811140815e-02
5.448305925459066834e-02
5.761344567254979981e-02
5.812880790692531718e-02
7.078578591853101898e-02
8.783338041317563516e-02
9.966477012563075555e-02
1.162217437177901075e-01
1.239615804328309395e-01
1.288511088266204863e-01
1.228716137243623108e-01
1.415585174362547494e-01
1.539472636286433327e-01
1.620898031556975982e-01
1.687999577762724357e-01
1.725743890744723674e-01
1.893902855129453999e-01
1.965073280646606746e-01
2.260079460807020157e-01
2.583732779679507874e-01
2.502921530659648619e-01
2.700376364497173998e-01
