1.285805731941547193e-03
1.738457331233434020e-03
8.619491525515953628e-03
1.665831625482994127e-02
2.398318075588363671e-02
2.926189300575927563e-02
4.208026765829799704e-02
4.764532909885588197e-02
6.775847449793274968e-02
8.196740260646180609e-02
8.786073165331913237e-02
9.378077869267827105e-02
1.050864402612589343e-01
1.266733033501338812e-01
1.345609454788842529e-01
1.497438208852543140e-01
1.615004336028221243e-01
1.630006293079901414e-01
1.699894210128150007e-01
1.742139818948601204e-01
1.711145266436147894e-01
1.624445362156478612e-01
1.656681907305682100e-01
1.577664302925967377e-01
1.754953232017470444e-01
1.690782625077900947e-01
1.727910111658957359e-01
1.619976306022948565e-01
1.612698535608217409e-01
1.866437329743945439e-01
2.015511905553381555e-01
2.250148575795577754e-01
2.469000264072377659e-01
2.537938546466165235e-01
2.873322718906735074e-01
3.079316516384551505e-01
3.429927780116258651e-01
3.625639766241789408e-01
3.900535866926020390e-01
4.169552595571133224e-01
