3.071942243191116799e-03
6.102997259610632233e-03
1.274771478752398900e-02
2.101813262960021758e-02
2.102363828957578423e-02
2.627831041102695123e-02
1.876626765661484203e-02
1.192286281200694020e-02
6.883052540668188786e-03
9.905821232999300827e-03
8.550261722953677798e-03
-2.351377265654264301e-04
-6.453797854037190626e-03
-8.507920290048787484e-03
-1.115881414216914926e-02
-1.851190547230317091e-02
-2.483500898551938008e-02
-1.880947458162722866e-02
-1.239620127340685871e-02
-1.717239819992357613e-02
1.240835862981271107e-03
1.822059459101410539e-03
5.624794504893770863e-02
1.705590122730313990e-02
2.650288338098221244e-02
2.277833820115517799e-02
1.417387505491376522e-02
3.269659560192224312e-02
2.723422106788007252e-02
4.454931252052461016e-02
6.892930758561703619e-02
9.752487113688630693e-02
1.087443310855945866e-01
1.264244370147395158e-01
1.542059977074558275e-01
1.586660981739186072e-01
1.720268420781962959e-01
1.736296706208406704e-01
1.828111253662882407e-01
1.902193959845362714e-01
