-3.796271516856020156e-03
-9.129991466424769095e-03
-1.119780206283174130e-02
-1.553991972516612953e-02
-2.200997093573420216e-02
-3.620045047323401655e-02
-4.051614013216351534e-02
-4.331165646270278280e-02
-4.074787262063637311e-02
-4.682690052585485041e-02
-5.562443256971931482e-02
-5.490961036373107756e-02
-6.479030462535462220e-02
-6.074934699944663230e-02
-6.493270422348303150e-02
-6.373453977602423770e-02
-6.791373758071869715e-02
-7.025730457525299066e-02
-7.647946080772669020e-02
-8.067171955019034058e-02
-6.883324070532240158e-02
-7.756572919581686265e-02
-8.305067077221224559e-02
-9.780207292216971937e-02
-1.142929536534978696e-01
-1.072059876181498395e-01
-1.061805760625816192e-01
-9.816213935575035521e-02
-8.667228216646379046e-02
-7.009110005210458794e-02
-7.559815019803295399e-02
-5.472532559261367169e-02
-3.861355554663816608e-02
-1.401235807687157761e-02
-7.850018012703685382e-04
1.068042939967312963e-02
2.401909860803073254e-02
3.974912715397636159e-02
3.580920236162228598e-02
3.082255578943318003e-02
