2.586758023716217991e-03
8.943128448974668049e-03
1.677262948575588414e-02
3.821770577670449004e-02
4.848131465753695302e-02
5.928080278047147267e-02
6.587047965673349659e-02
7.568148625336021396e-02
8.046274883887036267e-02
8.444130849031523944e-02
9.952485110657108280e-02
1.041143806657856830e-01
1.135866970426121780e-01
1.211085463010604657e-01
1.252012151706594634e-01
1.332146324947728888e-01
1.427397253536895616e-01
1.722722016687726065e-01
1.990126837537161408e-01
2.137793920151324356e-01
2.358887526102080301e-01
2.573310917137320297e-01
2.787989945948339821e-01
2.758031357469718503e-01
2.759811608412349182e-01
2.702439557617083432e-01
2.659036656056258385e-01
2.788379342168411656e-01
2.821055059833099676e-01
2.915870829001107611e-01
3.082420768687711421e-01
3.234768851880261420e-01
3.331921378556671476e-01
3.489661733979119163e-01
3.494941731049948652e-01
3.661025266035437542e-01
3.815511312381033582e-01
3.827646331070496677e-01
3.873301790290071267e-01
3.813315387507572041e-01
