3.686897549973267192e-03
6.001259519591073399e-03
1.721168101719108140e-02
2.564740043809550160e-02
3.662699072995607985e-02
4.019146697362074860e-02
4.774598683047770464e-02
4.996343055264986649e-02
5.635291564051385371e-02
6.097872762965579618e-02
8.409685817101575367e-02
9.679113982677592376e-02
1.151218443263346131e-01
1.320254956613439445e-01
1.459745855609043130e-01
1.576330952818352782e-01
1.624081499929076189e-01
1.655535853653646028e-01
1.819732001876616378e-01
1.903250215908713072e-01
1.916889274478876248e-01
2.106181704528381771e-01
2.325085916173662837e-01
2.394653856280285764e-01
2.530286931179233645e-01
2.727058775316265615e-01
2.959751227089981174e-01
3.006739761178607862e-01
3.007294473162488435e-01
2.956068917116084771e-01
3.029916730210970854e-01
3.146361954567737373e-01
3.141261289075600871e-01
3.333177746487280269e-01
3.399000122653916267e-01
3.646836932974309997e-01
3.656890702926830494e-01
4.010173559146778532e-01
4.247714688642645342e-01
4.302522405177569564e-01
