-9.875794060017818211e-04
-6.819624685251213236e-03
-1.138493294497457987e-02
-6.433369464921412546e-03
-1.086756473042171933e-02
-1.018448564905511874e-02
-8.437851676409025697e-03
-1.646231747114939095e-02
-1.638639826717564960e-02
-1.809658832234930376e-02
-9.458442898286989128e-03
-5.914377701499518372e-03
-1.029012836123399666e-02
-6.859869017011988382e-03
-2.499887489354648412e-02
-1.499787185797742985e-02
-1.657059691414701844e-02
-1.857757875937409223e-02
-2.603458821528192857e-02
-3.877708703055873091e-02
-3.268733576207694114e-02
-4.256284312637888256e-02
-6.153297991706097037e-02
-6.034674029590973710e-02
-6.021321750504284726e-02
-6.884941203380208485e-02
-7.686202157684363101e-02
-1.061292199422922550e-01
-1.185342944647317098e-01
-1.187800495305197102e-01
-1.144678174343255195e-01
-1.166567239613129914e-01
-1.267333237445001370e-01
-1.300240232054761802e-01
-1.174773267869539950e-01
-1.240956227727622319e-01
-1.197953816510505531e-01
-1.269440201270725654e-01
-1.207049000258706428e-01
-9.857295917331043711e-02
