-1.781458813953662370e-03
-5.918731252201681406e-03
-1.081293779265983870e-02
-2.024225151876351061e-02
-2.976832095274275364e-02
1.373735936806852465e-02
-4.391617094686637440e-02
-5.910430897973526637e-02
-5.641470417890274980e-02
-5.488608029331772109e-02
-5.984673416236461346e-02
-6.610918164956984533e-02
-6.425688536228761627e-02
-6.565461373502046172e-02
-6.383216279133137327e-02
-7.525486088840409316e-02
-7.790630559354098927e-02
-6.733470785061967945e-02
-5.848923861039736355e-02
-7.055718660078583171e-02
-7.550168608765091272e-02
-7.791238981942001651e-02
-8.089574277617543607e-02
-8.199154311492122538e-02
-8.660832106122598462e-02
-8.948690616130647313e-02
-1.041754767955922062e-01
-1.206588278391109298e-01
-1.308208036595715495e-01
-1.307365985967209043e-01
-1.359537946344460124e-01
-8.126605404105476105e-02
-1.246800247144790319e-01
-1.205062388144597235e-01
-1.085631003388130011e-01
-1.207903660415070163e-01
-1.430075241036718181e-01
-1.426589252916841133e-01
-1.465356058416943941e-01
-1.438133153010426324e-01
