-1.756193687041740416e-03
-3.692442220715719346e-03
-7.429228407072230485e-03
-9.549814499475672847e-03
-1.246642508229314251e-02
-9.548754225226474199e-03
-4.427316091729948874e-03
-8.161034350663953340e-04
1.956727387663192898e-03
1.226742784439238676e-03
3.477417448041819799e-03
1.328314196920104065e-02
2.044971960487202908e-02
1.737446030770968194e-02
8.197835148894227347e-03
1.194568913362843363e-02
3.021859720333566063e-02
2.760175758005232322e-02
3.813735479016884533e-02
2.950602697953854520e-02
3.420972639802357523e-02
4.365851916305700520e-02
3.779302285256846972e-02
2.212785147330862540e-02
1.960393021810773531e-02
2.517009563739804751e-02
1.536916643645156420e-02
-5.827410272732436343e-03
-9.251910200350720731e-03
-2.002415106017281163e-02
-2.826723332195797342e-02
-4.676185541230779702e-02
-5.739805907790582890e-02
-6.393385957084377069e-02
-5.968428412049320286e-02
-7.274556979134558232e-02
-9.152337898324844345e-02
-1.112250497371661540e-01
-1.415713678367211403e-01
-1.597397630685065961e-01
