-1.601450521360980785e-03
-5.021871607918981448e-03
-7.944438880726777813e-03
-9.027078576870906090e-04
6.397871819397238716e-03
-8.917606682970813381e-03
-1.529341077917223402e-02
-1.971599458718458278e-02
-1.480726439658894798e-02
-4.985887314546744165e-03
-8.985553737548456626e-03
-1.206486882200579272e-02
-1.870406171200045264e-02
-1.548898444235646821e-02
-1.606168437054975723e-02
3.533476413707603786e-04
1.434737597367927685e-02
2.594322558120722849e-02
2.777359441899705100e-02
1.283129239472771167e-02
-9.395107327887331633e-03
-2.677383614768586925e-02
-2.611374792725484895e-02
-2.885754307104093641e-02
-2.767727607705410334e-02
-3.023636884903453323e-02
-2.199028321917069137e-02
-1.361156214114487249e-02
-1.368782889909425649e-02
-8.826255868908106789e-03
-1.511754967835088337e-02
-9.966298846350696294e-03
-4.234450830705327289e-03
9.895088161073317245e-04
2.494623976926391151e-02
3.354743920861835704e-02
4.249704613524727531e-02
4.313939308225087782e-02
4.082100282923874918e-02
2.730779923931549863e-02
