1.708756878521366842e-03
-1.082169589025738787e-03
-6.297937838921541590e-03
-1.222260875602145837e-02
-1.715277383275193301e-02
-9.880533982876471555e-03
-4.679169282557893265e-03
-2.840126125536812825e-03
2.035988845541680803e-03
1.162860385017268003e-02
1.938243071321466005e-02
2.194121346906285908e-02
2.186069498062579580e-02
4.356156483796098933e-02
5.347467960532128334e-02
6.012608451028143147e-02
8.049802002320234628e-02
9.200101192283796636e-02
1.101850912725439030e-01
1.225146076831322289e-01
1.251612866339030516e-01
1.417364181490739783e-01
1.527352052219924927e-01
1.563149083471358780e-01
1.654660858411745039e-01
1.655936781829183135e-01
1.779107061609039309e-01
1.953757926469648909e-01
2.089173888907311094e-01
2.207634202540958712e-01
2.366702442963344311e-01
2.462176354267882061e-01
2.608693867752833739e-01
2.894850330037712638e-01
3.125428244137680167e-01
3.210507437089603622e-01
3.318505149612945848e-01
3.408068601444398382e-01
3.638547582405010639e-01
3.811571134079542733e-01
