-1.579803362092491257e-03
-1.647234423614918342e-03
3.304729002442741061e-03
4.079934600802914701e-03
-7.625710560461129283e-04
-1.670901330533069908e-03
1.262450211103782706e-03
1.194963603421683772e-03
-2.452861573345899160e-03
-6.767132832463574124e-03
-1.208691076980130709e-02
-1.893779204592220891e-02
-2.212288185641995281e-02
-2.859512099776679792e-02
-4.505009792183613943e-02
-6.980151523279687353e-02
-9.160781694715751378e-02
-1.133371596968657941e-01
-1.262607224714315524e-01
-1.593760665011984545e-01
-1.873653494690273591e-01
-2.070895410038019746e-01
-2.153830984431493734e-01
-2.335010163336960487e-01
-2.445882111674933523e-01
-2.444207605755991664e-01
-2.501716513007863907e-01
-2.572534323334110806e-01
-2.624078114402010331e-01
-2.830829460066723868e-01
-2.997909906334854102e-01
-3.082216327384486587e-01
-3.197900678953374265e-01
-3.328815579265750335e-01
-3.419589506913155441e-01
-3.507709433351265949e-01
-3.643156492058551299e-01
-3.852697604071835258e-01
-3.878772434974194772e-01
-3.947310276456391653e-01
