-5.770785982549319964e-04
1.847953773669530565e-04
2.636474942987021564e-03
7.992078450873662740e-03
8.927644269221702428e-03
6.781006421512358884e-03
8.450858986854825616e-03
7.473147952640602117e-03
1.056975033630465008e-02
1.851612621084086641e-02
1.919209562550605597e-02
2.115927559180050960e-02
3.191863980744358287e-02
2.708348998461360818e-02
2.027615981077985838e-02
1.024072436981668908e-02
2.187796838435929290e-03
-1.931858609640073679e-02
-3.047999362819098224e-02
-3.260390632404437661e-02
-2.503266524652474415e-02
-2.421432141772186103e-02
-1.067509595918352330e-02
-4.243199444690049123e-03
1.125005696499954341e-02
1.077940200434852544e-02
6.365461111815307223e-03
4.613446469298310496e-03
7.976428102205090562e-03
-2.679128396164287378e-03
6.233284724348209412e-03
1.373754291055320244e-02
2.700647201104118197e-02
3.524783981460188897e-02
3.959041731049524337e-02
3.991343531496340663e-02
4.021097315568056274e-02
5.585003966521355501e-02
5.585544835906262190e-02
6.170800408276022608e-02
