3.214084353206913966e-05
-5.782442380231955781e-03
-1.204973757970719851e-02
-1.735085979781558763e-02
-2.522064362166389490e-02
-3.147224326165058705e-02
-3.665996490126701562e-02
-3.481744928418208790e-02
-3.385214108536445388e-02
-4.248867478803504405e-02
-4.621521687487017971e-02
-4.452091155476835954e-02
-3.611075226380790898e-02
-1.899106265573493463e-02
-1.275816478455737979e-02
-6.364286651566431266e-03
-2.597391886422428624e-03
-6.197612603799029785e-03
9.461247265420524421e-04
-3.516619021866062851e-05
8.908545782432497617e-03
1.284422533265683342e-02
8.663426629095739157e-03
2.268161415537690503e-02
2.587836290841778394e-02
7.765511209342434995e-03
9.608977929997309514e-03
1.143142083271584362e-02
1.465967688627074425e-02
1.546413856221135960e-02
2.826836146307982675e-02
1.463842313365830775e-02
3.117891313623601807e-02
3.711853789409360477e-02
3.652471707157474434e-02
4.678759974914612624e-02
4.923461662309591702e-02
6.086830080729441900e-02
6.467799013998387636e-02
1.054835451061308105e-01
