-2.183734990688979312e-03
-6.762252291658654539e-03
-2.612182935587981005e-03
2.371231202075563434e-03
7.050488091174145211e-03
7.817538649310052518e-03
1.106036177252462879e-02
1.140785702614124410e-02
2.124669198869071421e-02
2.762407211504438326e-02
4.205865917995908060e-02
5.417720454082086690e-02
8.627101691222804902e-02
1.080047615141225548e-01
1.167384606352214887e-01
1.369701675890922787e-01
1.576755770905265419e-01
1.751001945363611922e-01
1.871231115212879104e-01
2.092018762983087754e-01
2.202447371348455474e-01
2.312295660151107712e-01
2.496485684043733555e-01
2.603072723273299749e-01
2.729060157201018688e-01
2.907728453303491389e-01
2.998571076362395726e-01
3.030114767221704364e-01
3.152510126590982731e-01
3.186447760758397973e-01
3.241809717861059426e-01
3.347023660245468935e-01
3.426303107294103034e-01
3.600293891552610037e-01
3.791310998220523976e-01
4.029367653709272079e-01
4.383185399440520658e-01
4.756495231083505137e-01
4.952035704491322687e-01
4.939033596141939597e-01
