5.975495797978958457e-04
2.937824242756193090e-03
3.844224221789005382e-03
1.292668521885360564e-02
2.056926492381094818e-02
1.737872806224558669e-02
1.525180752681762862e-02
1.510657877493741877e-02
1.738528006598869663e-02
9.009677357875034084e-03
9.980621375335374176e-03
6.638826306030409796e-03
8.150728268402929536e-03
-8.527504504405669997e-03
-3.159012251487069989e-03
1.733731615760802881e-03
2.773254910124478556e-04
-8.665652576129900114e-03
-5.540078800015635699e-03
-4.235612858536796921e-03
-4.134229870905415175e-03
6.232765349389523743e-03
1.896299782904975386e-03
2.981189059249800353e-03
6.573547442002336538e-03
6.350686032621411133e-03
8.294975876958687530e-03
1.643907337629002454e-03
-8.803271217288965783e-04
-1.376342513637212120e-02
2.116525748587037153e-02
4.852711508881384084e-02
6.431761552047987607e-02
8.494304202059765885e-02
1.101724016103332870e-01
1.303010499113099740e-01
1.457633901921212838e-01
1.476760302453613005e-01
1.474638212868882303e-01
1.773208403695036850e-01
