-1.971985773225703835e-03
-4.806653914231517888e-03
-4.096832096749380980e-03
-3.022596074782768309e-03
-8.577924479260446225e-03
-6.395414567462865199e-03
-1.320236349947805435e-02
-1.121030371051716726e-02
-3.738491873647831198e-03
4.216690313977267297e-03
1.121512267329620796e-02
2.124138659767993431e-02
2.839187649767325322e-02
3.832076502660584222e-02
4.883940390703855883e-02
6.330491424835145431e-02
6.447347326044905458e-02
7.359450226406068218e-02
7.800452337221201737e-02
7.593286697824055964e-02
7.004153527172149452e-02
5.609689607389043570e-02
4.330960671814239327e-02
5.253216660050554626e-02
6.452218378557290912e-02
6.015515086170353243e-02
1.193947309549713565e-01
6.096036579359918189e-02
6.586478469905614197e-02
5.587724311331783433e-02
4.785394559394262615e-02
2.762776183208472819e-02
2.412555099461428584e-02
1.335769721827375668e-02
5.631663353508997542e-03
4.852851004596914035e-03
2.147241205102545878e-03
4.368830498572151208e-03
-8.512445955238945663e-03
-1.928809648634910445e-02
