3.596903507288473525e-04
1.237322858967004847e-03
4.242258833222223476e-03
2.058121759002773388e-03
7.580165726158582737e-03
9.660875165322125105e-03
1.793675661412379510e-02
3.196958720478306620e-02
4.755397698003065166e-02
5.898515859618811558e-02
6.585486728314578209e-02
8.048769641618065684e-02
9.380771828094935927e-02
1.165844295131762409e-01
1.360035492605533025e-01
1.672657218137629798e-01
1.903037215878271016e-01
2.035548301140693295e-01
2.186168660580364020e-01
2.331003222304644795e-01
2.713460797303184902e-01
2.869413454529592400e-01
3.128307649428364590e-01
3.285468358811670098e-01
3.558729045227891907e-01
3.785182940471116808e-01
3.900565906921912296e-01
4.041701400212787121e-01
4.473245542874479952e-01
4.724779320680909112e-01
5.008592515740133422e-01
5.494300391366863101e-01
5.684388574341057154e-01
5.903630325424472636e-01
6.219428924144267956e-01
6.421728831848980690e-01
6.734082736203219621e-01
7.136657737184975980e-01
7.358847310105147699e-01
7.535061757526250181e-01
