-7.025769150446947503e-04
-3.421802783272198667e-04
2.723513670832033908e-03
1.020508920719009893e-02
1.565446128535939035e-02
2.253644170273716441e-02
2.985592295505910126e-02
4.695147265574774881e-02
5.888689593587344284e-02
7.452115816946899840e-02
8.408916764114308939e-02
9.300779700508030046e-02
1.032657716807761916e-01
1.159646558783293813e-01
1.321686853251179683e-01
1.356327062976731557e-01
1.485112213331404862e-01
1.709011724404319865e-01
1.771515201148218810e-01
1.856804971857428654e-01
1.930712808268964520e-01
2.104670439534515880e-01
2.389452584297401816e-01
2.459545589686968070e-01
2.591107357968525093e-01
2.828830001105274161e-01
2.871419705090517138e-01
3.141093965507650299e-01
3.259644883200337739e-01
3.458540445029569810e-01
3.546322476397591461e-01
3.741635542633531264e-01
3.784163087696867933e-01
4.035145651621291907e-01
4.238909331678087367e-01
4.465922665099043565e-01
4.571185328956829386e-01
4.556576535441621556e-01
4.651837825299679485e-01
4.707257969087777494e-01
