5.463265333412792085e-04
4.612597393775885561e-03
5.516370491691446713e-03
1.396996554432661242e-02
2.522488088432837255e-02
2.713922357256279977e-02
2.412965352943530206e-02
2.477832330996392399e-02
2.038977085535691527e-02
2.730176049541626140e-02
3.265474454957910388e-02
3.336708805888832785e-02
4.541503919459870253e-02
4.390315889711757930e-02
4.280550236114777363e-02
3.225672010939319850e-02
3.421785552153266963e-02
3.556860610852367877e-02
2.434971766367084386e-02
4.585736168590130724e-02
5.983518443347577570e-02
6.288905063260301354e-02
8.295679873392884651e-02
9.310201587959739122e-02
9.969333970027775826e-02
1.108153580799267901e-01
1.417303336216292620e-01
1.557270356374118592e-01
1.611227106091064343e-01
1.791162302032290599e-01
2.012412899633488905e-01
2.217669343602778897e-01
2.405786097224677234e-01
2.574568625604001793e-01
2.608572799753858251e-01
2.777028158848253159e-01
3.239355555989106850e-01
3.082993599381154692e-01
3.335780782966907276e-01
3.464022637247808345e-01
