-3.373123768398933681e-04
2.297009036325903253e-03
6.610220653203669090e-03
8.664444568438511851e-03
1.207129395197199459e-02
1.220373694674989871e-02
2.006279360006146817e-02
2.813628354084727473e-02
2.843173990977305651e-02
2.837640069562041845e-02
3.426636028507346055e-02
3.561105634023533500e-02
3.333963794493684241e-02
2.731330087935077838e-02
3.185315488600508338e-02
3.595851901284561475e-02
2.492827523393827821e-02
2.909799817323630716e-02
3.370829168011368893e-02
4.087158662585466118e-02
6.532551495342034387e-02
6.750775220028515378e-02
5.895989859450025822e-02
5.894769264062062891e-02
5.563462147680695719e-02
5.385015560924841932e-02
5.680233061326021154e-02
6.527794036125555976e-02
6.349338339298356282e-02
4.361307528889142582e-02
3.161979151331593269e-02
3.699099561350749354e-02
2.312106658664276823e-02
1.498958005256838602e-02
-9.448969708060417361e-03
-5.298035096902254000e-03
-8.257438045379216635e-03
-6.453569822028271119e-03
-1.153658829943253819e-02
-3.652153122504842031e-02
