-2.639262035063971550e-03
-7.250283184686523615e-03
-1.332657984430554200e-02
-1.983761404120230193e-02
-3.188555716455354627e-02
-2.886049280252578342e-02
-2.451213424288596274e-02
-2.281191130956585628e-02
-1.548296341261163819e-02
-4.194689586653055705e-03
-1.795181987534988323e-03
7.287491710088999861e-03
1.583672433235108062e-02
2.655410262747750355e-02
3.296711254751016895e-02
5.110885905392592576e-02
5.801734045799093742e-02
6.992852956099397665e-02
7.571987408967970068e-02
8.269678877389310956e-02
9.470055973402509431e-02
1.144994490632797179e-01
1.311143470931227795e-01
1.409902148850363801e-01
1.570321766365140037e-01
1.838637866638350715e-01
1.992433881052534106e-01
2.040306210932499309e-01
2.252344512880711247e-01
2.329449115551909810e-01
2.416324491211895575e-01
2.638623113085117322e-01
2.841711358679077648e-01
3.086035103292260606e-01
3.305790485816970659e-01
3.472186113035405919e-01
3.571396449990856814e-01
3.777091709904453753e-01
4.067804814704573113e-01
4.351770186869089452e-01
