-1.098882066748973997e-03
-4.065036996548343148e-03
-1.682181829234288134e-02
-3.091926260014474931e-02
-4.232639233551935970e-02
-4.969796779986168644e-02
-5.118586239042173525e-02
-6.666461457222538911e-02
-7.464624573016465092e-02
-7.368810574337344987e-02
-7.041372618980687448e-02
-7.143648207222241808e-02
-7.786488794616701348e-02
-7.341468764892625232e-02
-8.840433146663428943e-02
-9.626844080842147933e-02
-1.055577880072547658e-01
-1.083129486399542485e-01
-1.095940183002113572e-01
-1.108103910368725964e-01
-1.165192301858354595e-01
-1.202845827487692559e-01
-1.181995031543948416e-01
-1.211951801163280579e-01
-1.026101702594729714e-01
-9.866282020435619693e-02
-1.041900154668780887e-01
-1.030638833594423459e-01
-9.242480934163666006e-02
-8.010395042894344342e-02
-7.893048785866767225e-02
-7.177105416418783079e-02
-7.206474220399741726e-02
-6.007253049397433958e-02
-5.673559856961958581e-02
-5.982849091060415958e-02
-7.498553612304022231e-02
-6.840940636283221465e-02
-5.288496295950153442e-02
-6.018060698882266024e-02
