7.104829914323041113e-04
-2.227792719164867121e-03
-8.539055297577747422e-03
-1.221295894450733464e-02
-2.529853185488946041e-02
-2.783197830870278583e-02
-3.585866395647343413e-02
-3.350777623968213131e-02
-2.868699824133642481e-02
-2.912171742447924178e-02
-1.339925901897203245e-02
-8.879298452724527016e-03
6.850037056568680956e-03
2.887107214405659761e-02
5.134342744273397152e-02
5.758906878215554886e-02
5.973419520910851904e-02
8.468810856587935532e-02
1.070553531834093491e-01
1.224291514398913733e-01
1.312606536548315828e-01
1.413524322757439278e-01
1.498994876607355198e-01
1.692514748029737004e-01
1.768545345349650799e-01
1.911922297546084226e-01
2.101091362434516496e-01
2.178786858569111418e-01
2.298711449244876803e-01
2.548050659919255390e-01
2.715989878678925495e-01
2.802110830428204968e-01
2.977648996174707685e-01
3.275395580826483410e-01
3.411006265890364486e-01
3.752992820152229458e-01
4.021306413904398025e-01
4.282339491693903932e-01
4.596501240672011823e-01
4.696310709634815561e-01
