-1.408555939039324409e-04
4.720596598286164181e-03
3.920131305724439130e-03
1.211067488516590594e-02
2.123924500791787157e-02
3.260836422563571230e-02
3.652908537000740946e-02
4.583638760249471311e-02
6.485068849611366759e-02
7.318609495190600556e-02
8.847947996508480351e-02
1.044917281916951934e-01
1.269951002984655020e-01
1.532360276782725461e-01
1.637157611392581202e-01
1.827360276838788933e-01
2.085432800763442063e-01
2.284186083659989208e-01
2.496063492150994989e-01
2.667527945002944878e-01
2.781909564275338309e-01
2.976073634438023419e-01
3.222775971628607516e-01
3.464893589881910541e-01
3.686341027104731438e-01
3.979078133138983508e-01
4.160541496473456613e-01
4.429131071237861761e-01
4.720602878342589070e-01
4.665601919885290494e-01
4.985310542906461473e-01
5.053244923118285215e-01
5.306834086308868104e-01
5.511570628971099728e-01
5.893771488645114243e-01
6.101494386001717896e-01
6.352109097102754953e-01
6.348473139585621983e-01
6.560482989372445894e-01
6.601296134891867506e-01
