2.758312101546511828e-03
4.005719837032373568e-03
9.257785384750860658e-03
9.250050347688443253e-03
9.881896423554081821e-03
1.725515197371834189e-02
1.878608519836433288e-02
2.666119188973539028e-02
3.851393689804183396e-02
4.355005465397709941e-02
4.204180331795726033e-02
4.120104136413971219e-02
4.339737433958958807e-02
4.699760964113579298e-02
4.947944390568181916e-02
5.325520903874405437e-02
5.141323295157462780e-02
5.259751927744389655e-02
4.778097765820916998e-02
4.833449498020740698e-02
5.285694190147012528e-02
5.697545483700707653e-02
5.417135536449677741e-02
4.557372178732634754e-02
5.674269517626555348e-02
5.407069607751395501e-02
3.907388646417189054e-02
3.417062578460559191e-02
4.070201436256581928e-02
5.445311504365406285e-02
5.711960938364483986e-02
5.741276983070520146e-02
5.517267119076905285e-02
5.743843436918325690e-02
6.733407856012547932e-02
6.382445210304865668e-02
6.431811787355172505e-02
8.071994563904923148e-02
8.376863932335823493e-02
8.406712402245375415e-02
