1.133040549966679491e-03
7.802154030666486224e-03
1.197068187313803447e-02
9.075026927100538626e-03
4.443527356499998859e-03
1.821260901778742934e-03
-3.059952517385511502e-03
-1.347928975645942308e-02
-1.332742807852724774e-02
-1.358769697646238298e-02
-8.691846930705082047e-03
-1.068749862594842170e-02
-8.131757105699933055e-03
-1.321517213487197716e-02
-6.746584460177018801e-03
-4.513995311060625855e-03
-1.380437469214257275e-03
9.301192323962936132e-03
1.492971346843035077e-02
2.054238106514105766e-02
2.189879472418852085e-02
-3.154896888815983185e-04
-1.062599063575930770e-03
-2.404989011947122717e-03
-2.698288822028871263e-03
-8.040681227012669990e-03
-3.432243539322143988e-03
-4.524572560814022100e-03
-9.232792611575746725e-03
3.905859491473506664e-03
1.016578240886474235e-02
1.642329987350308468e-02
4.786874877412970047e-02
6.271504398291369298e-02
7.727486473547173773e-02
7.412533822063949174e-02
6.686823845204799277e-02
6.547865379252471030e-02
7.348704107221237791e-02
5.843832249065598894e-02
