-1.488190858093840687e-03
-1.126452347046935686e-03
-2.142636245631024481e-03
-2.741668663696117218e-03
1.362232938836882481e-03
4.234829572327214117e-03
1.372712126791384400e-02
1.137028389630785272e-02
1.170450069570847483e-02
9.549327510241312558e-03
2.788228974420690204e-02
2.526487560347163638e-02
3.346422875371217465e-02
6.482356530923141791e-02
7.014399711093517731e-02
8.038456058535814464e-02
9.020406115607784714e-02
9.503894327268369580e-02
9.715024638708200100e-02
1.080257978971303628e-01
1.273485031766142528e-01
1.366395463175166525e-01
1.350591614971307364e-01
1.579536986511954066e-01
1.703559737833785503e-01
1.838994514942612624e-01
2.078539988225656943e-01
2.292744423338717863e-01
2.572268921713515288e-01
2.771169641128722327e-01
2.941524046181854257e-01
3.249894508892509637e-01
3.416426119641385872e-01
3.461017192693986999e-01
3.675534168447569527e-01
3.801949370857783950e-01
3.817280777269275172e-01
3.997857959164178854e-01
3.988490608784843738e-01
4.134686853281152596e-01
