2.647174393326068406e-04
3.353631986539440564e-03
1.945371860565714385e-03
6.300549636562635843e-03
1.267780861645562140e-02
2.619556039770074701e-02
2.679741138484672408e-02
2.498625154740636775e-02
1.975379915390220592e-02
2.093963509028497899e-02
1.581241931703658565e-02
-1.034932263816301613e-03
3.697283108621718275e-04
-1.192387400208758629e-02
-2.288487733841577595e-02
-3.604209755710315044e-02
-3.112832306474899724e-02
-4.300443562384544116e-02
-4.921501966071275408e-02
-5.988355383536827364e-02
-6.566730534798068120e-02
-5.362153526122881431e-02
-5.896346158069718651e-02
-3.879719274983130933e-02
-2.770260971081484058e-02
-1.533298249482015728e-02
5.258564801323472931e-04
1.445544156090363720e-02
2.939558014726912846e-02
5.702053886449505449e-02
8.494371956913653043e-02
8.775459715633644742e-02
1.040106800422279376e-01
1.095892863643484760e-01
1.203986180499271030e-01
1.169304947813401413e-01
1.142032888193199314e-01
1.411430408865612662e-01
1.488510937378919041e-01
1.522741127217386858e-01
