8.925068321471663286e-04
-2.958590224350388185e-03
-1.851199241486156579e-03
2.584069585044090900e-03
3.243957403475405867e-03
1.240163389853279376e-02
1.915437734220120161e-02
3.358198645659769138e-02
3.354971101790767130e-02
3.991112270351493407e-02
5.444560278303071932e-02
5.194395391284274688e-02
5.792058083993367745e-02
6.907996322051701554e-02
6.846868922232544896e-02
7.063742745665990697e-02
9.014421725729845902e-02
9.123621671944306954e-02
9.287275026856320337e-02
9.535212558701004759e-02
9.220314918947850047e-02
9.642405839292678138e-02
7.954283705159355400e-02
7.636753456752956581e-02
8.364837792622666079e-02
8.000930442173626034e-02
8.476431483278759615e-02
9.609105756057090275e-02
1.054730027509776791e-01
9.667184524174672611e-02
1.180313278553001000e-01
1.378929373654869950e-01
1.486488170042264412e-01
1.514739222224704973e-01
1.610073687462346415e-01
1.627568254410050597e-01
1.633546236560874942e-01
1.780693327773747170e-01
1.924373186909519862e-01
2.361756217061383722e-01
