2.407120822984509974e-03
3.125879893127248184e-03
1.426131014914844286e-03
4.265216166016471896e-03
-5.812354992961843003e-04
3.846830056899363994e-03
4.443628350149708521e-03
3.123454404718018114e-03
-3.228399238849988251e-03
-8.043202843506947614e-03
-4.117932790373401639e-03
4.774027362395827020e-03
1.915927663292365038e-02
2.741853384902981361e-02
3.326017368156328896e-02
4.325882870215025378e-02
4.292333796722402894e-02
4.499501357297219784e-02
6.329309551113623811e-02
7.022670098003516714e-02
8.515390604434287802e-02
8.217050709196768721e-02
7.764282599302703425e-02
6.860309039674347686e-02
6.015488084572382516e-02
6.810507390845828291e-02
7.968831718365834704e-02
9.366232561004891877e-02
1.395589078361950952e-01
1.197268112237566129e-01
1.175453600676689830e-01
1.219906696217094577e-01
1.200990734012691574e-01
1.229460928658653585e-01
1.344333463586679100e-01
1.213454716752011137e-01
1.311028367082116008e-01
1.450842760735611137e-01
1.274427911634717359e-01
1.226030942732620616e-01
