-2.537608654089762612e-03
-2.898051229498577273e-03
-4.406863977035513705e-03
-1.011428577598607638e-02
-1.278199149499386136e-02
-7.547534165384206170e-03
-1.985871645049997088e-03
-1.200888758236828792e-03
-4.567233159636430347e-03
-4.437570961869141684e-03
-1.174596280870900990e-02
-1.474206140883609420e-02
-1.992707386013421386e-02
-2.197989104972464247e-02
-2.038394734416897405e-02
-2.313930251245892647e-02
-1.761167162198375852e-02
-1.179572232371128848e-02
-6.587658842141764018e-03
1.707513259756865453e-03
-6.063083454961315510e-04
1.196166619664040809e-03
-1.034040573949539590e-02
-1.320121342773745640e-02
-4.431499535488114989e-03
-1.513478768988818501e-02
-2.460683567596788548e-03
-9.010508764629322070e-03
-5.027860748452894595e-03
6.682616097748450557e-04
-3.055848776168090634e-03
1.439529374355856886e-02
1.907244625286637005e-02
2.000076629131513142e-02
1.907212674667278091e-02
2.140822210769215486e-02
3.674987701418501451e-02
4.264031362849607376e-02
7.000699467872380233e-02
9.202428707554873022e-02
