8.846942812884784008e-04
2.379989435141460948e-03
-3.881301514902446397e-03
-8.816544068455556271e-03
-1.155704942655262288e-02
-1.781194391020832907e-02
-1.731242014840290652e-02
-2.329878850054711847e-02
-9.356989052518827413e-03
-1.067464164607798659e-02
-3.067299460759898011e-03
1.029730343003052405e-02
1.343193449621082891e-02
2.213749795346302632e-02
2.921596303520175228e-02
3.392808025151907575e-02
3.863090569931841578e-02
4.736237763234498604e-02
4.099829672814792048e-02
5.605897996751992018e-02
5.703405448709304715e-02
7.271874883330724237e-02
6.955183073739021338e-02
6.626572301837256596e-02
6.706263171961950043e-02
8.674614281018193374e-02
6.709986876292646507e-02
7.403214022331212896e-02
8.648345369350636525e-02
1.029393147619543925e-01
1.203170624393209154e-01
1.248611951829786959e-01
1.419430030398927955e-01
1.404662316931535315e-01
1.589823204958037139e-01
1.860556388661990523e-01
1.728782557467070657e-01
1.641917079934699930e-01
1.715729198378710407e-01
1.779538575349249585e-01
