1.221504031883036134e-03
9.048496110919757376e-03
1.631418170347593774e-02
2.711215132313071763e-02
3.891836064677889340e-02
4.482713542437082033e-02
5.168696599362192223e-02
5.293801795607464694e-02
4.921520957764045218e-02
4.401332412357276958e-02
4.241173604136747738e-02
8.511886089160754232e-02
3.736921840501565562e-02
2.558256055504841767e-02
4.697832057604500906e-03
-1.288100606765851808e-02
-1.780115306117409021e-02
-3.791051593705674350e-02
-4.754439524083409196e-02
-5.542322948108448916e-02
-6.752760264574533822e-02
-7.954020185518118069e-02
-1.066859127742134233e-01
-1.280489072075141621e-01
-1.418367107736088484e-01
-1.453345023431296679e-01
-1.666644548148497051e-01
-1.837917604396722138e-01
-1.998865230233832224e-01
-2.129881768717922230e-01
-2.375613365955416556e-01
-2.642759145821741984e-01
-2.812127337299102914e-01
-2.870401792369790539e-01
-3.099165761217108073e-01
-3.173483413757850480e-01
-3.318737391993096253e-01
-3.635007478965689987e-01
-3.881927552052047981e-01
-4.061957273840334781e-01
