-6.040312527550995014e-04
-2.538975309393620705e-03
-7.746745725411230410e-03
-6.595639423654375832e-03
-2.908381092193934592e-03
-8.064255178301494437e-03
-1.109792784307330783e-02
-1.726090185797914817e-02
-3.267699449706071985e-02
-3.983731602616273626e-02
-4.789481247962186494e-02
-6.146734416604431039e-02
-7.829021670062416560e-02
-8.640281272179209382e-02
-9.118368620763987742e-02
-1.027192440607734569e-01
-1.086234139947123423e-01
-1.128325358870199552e-01
-1.372348422166624060e-01
-1.443031102127491638e-01
-1.534895012367542277e-01
-1.557843564484926446e-01
-1.779738965750766455e-01
-1.901740100756455776e-01
-2.068337428579809512e-01
-2.343579876882415647e-01
-2.583822414403300627e-01
-2.625545456969604063e-01
-2.761894228175435506e-01
-2.826027681549419523e-01
-2.972418605932318769e-01
-3.129937946268057658e-01
-3.350060603815933069e-01
-3.504621337845605922e-01
-3.504582140782133703e-01
-3.454259628384107605e-01
-3.383760936388142682e-01
-3.508284206293353913e-01
-3.699865824450114249e-01
-3.867005751698286420e-01
