1.243876586697645423e-03
-6.195705199065315149e-04
-5.552299732655541394e-03
-1.194574807940469371e-02
-1.677585696459615860e-02
-1.277402741680546717e-02
-1.243467057770573057e-02
-1.260478392687076551e-02
-1.605049418911477094e-02
-1.776011155752286325e-02
-1.773423878681512633e-02
-2.711809570364636171e-02
-4.178321328377734151e-02
-5.142859388360250528e-02
-5.261601072488417824e-02
-5.858047689050920048e-02
-6.603239316830525341e-02
-7.721255741235495684e-02
-8.888474600998393094e-02
-1.025684260942597292e-01
-1.073478536912375603e-01
-9.716424467131901110e-02
-9.698395039476678803e-02
-9.719915410890962726e-02
-9.641246969265182543e-02
-9.577076720356955675e-02
-9.384172933962701968e-02
-8.444999182227377887e-02
-7.981464098180879319e-02
-9.178002124197348621e-02
-9.067363808496509137e-02
-8.990237195928045544e-02
-9.423822205214946179e-02
-9.299501078031938150e-02
-9.580629431012255282e-02
-8.937329602750310187e-02
-8.986300674843619718e-02
-9.093482067351317533e-02
-8.618589225899597750e-02
-8.222563893494908016e-02
