-2.218960095091837472e-03
-8.008994465618358288e-03
-1.627058949430484208e-02
-1.923304472132230172e-02
-1.509858507041101847e-02
-1.849174114206775243e-02
-2.299324640584501228e-02
-3.372051153122299777e-02
-3.686123111964292182e-02
-4.181118240393573438e-02
-5.580736909610237856e-02
-6.363821983646289482e-02
-7.613425138792991043e-02
-8.144334476262145295e-02
-8.302847619270607715e-02
-7.855930259814840333e-02
-7.857926673092094361e-02
-8.942412051080453339e-02
-9.615352958288951590e-02
-9.548679905284132574e-02
-1.010464638547290406e-01
-1.007912875611083336e-01
-1.006857271090552813e-01
-1.128357133192338380e-01
-1.186393491117911508e-01
-1.277611800454735713e-01
-1.473436724043523383e-01
-1.735736136439584298e-01
-1.989779054562887950e-01
-1.941999702239485259e-01
-2.090916845735392715e-01
-2.091554875946741165e-01
-2.200420292288526869e-01
-2.227974494417651330e-01
-2.209970768053608481e-01
-2.305144120762122328e-01
-2.535610565231081748e-01
-2.610344808168008623e-01
-2.724355082626715441e-01
-2.882124701725615745e-01
