-1.428782743410828091e-03
-2.159232173268676828e-03
-2.256429062557074872e-03
-2.264220233257674408e-03
5.561995074918257495e-03
2.521334690824517024e-03
6.155190671442767325e-03
1.827849983636724643e-02
1.972515661556002373e-02
1.361910144266858039e-02
4.199306097805788514e-03
8.115371271250637966e-03
1.317794421631362026e-02
1.680278421183061324e-02
3.527375712801301966e-02
4.065027354582752966e-02
5.928399237656663268e-02
7.322524774724285812e-02
9.521001072238562124e-02
1.207528997754479805e-01
1.323233138163004696e-01
1.360456699237772571e-01
1.453556025449131428e-01
1.557624224786991474e-01
1.655803183429895853e-01
1.891718087976954621e-01
2.005658748004435776e-01
2.040849053637344979e-01
2.168957485987391409e-01
2.163631035790757606e-01
2.068028570075398365e-01
1.976293462067729989e-01
1.889043179890279589e-01
1.869603110837715632e-01
1.912088656224256167e-01
2.063206126048328370e-01
1.930187710707627902e-01
1.595721217813945714e-01
1.488084830826124916e-01
1.442956967597296969e-01
