-1.134423982091448168e-03
-3.597227176978634589e-03
-8.784594121662081187e-03
4.110404064157933274e-02
-1.554818118515583977e-02
-1.453197310444878133e-02
-1.303216220515110955e-02
-1.656261687113698075e-02
-2.262445550696128363e-02
-3.728129414696610550e-02
-3.520935578142001671e-02
-3.528781546310995332e-02
-2.692759363703487591e-02
-3.212649092492085579e-02
-4.690286146230846637e-02
-4.136564449374304647e-02
-4.951145924035245394e-02
-6.504057962281421801e-02
-8.348260464263716762e-02
-8.978227347598988217e-02
-1.026961757883270848e-01
-1.135080524529001877e-01
-1.220671065990075049e-01
-1.247679554787111955e-01
-1.344794317673432826e-01
-1.435102927884770452e-01
-1.544681743098522131e-01
-1.631772076508354874e-01
-1.682935206812175011e-01
-1.589573712915807735e-01
-1.563085499570888715e-01
-1.696347601654110693e-01
-1.681851879088810675e-01
-1.732813298411002845e-01
-1.831890986815039868e-01
-1.859820393007737549e-01
-1.884367099786885547e-01
-1.852378630672063820e-01
-2.010686032307916205e-01
-2.169689666857323174e-01
