2.224192377695288943e-03
2.812453841684359277e-03
6.885976433913754136e-03
1.069778749793641806e-02
1.880073812117686455e-02
2.422060858986796461e-02
2.884718601890625539e-02
2.747389372794230983e-02
3.187703215379968785e-02
3.973423786243870243e-02
4.705864711358458130e-02
5.919644419273310809e-02
7.023598267721950505e-02
6.279381950926107847e-02
5.887432886251815767e-02
7.378718435360553940e-02
8.225605580277886575e-02
9.711093529699894866e-02
1.169064913439712000e-01
1.269165045968065897e-01
1.467718314265084589e-01
2.057309460463130901e-01
1.597643084296692106e-01
1.550447542544475255e-01
1.643553220308461849e-01
2.054632371697351911e-01
1.647001645222701538e-01
1.480378689579367746e-01
1.366523687543633458e-01
1.285730956747528353e-01
1.461811443685064604e-01
1.602002885934012966e-01
1.608066496520251520e-01
1.683059141918704371e-01
1.838468066427282055e-01
2.097699767183428265e-01
2.424536680974909986e-01
2.532423258055643833e-01
2.663059357533768545e-01
2.769168001967727832e-01
