-1.261829785079626644e-03
-1.171243628014906308e-04
-5.061808867375461492e-03
-1.195732924098607056e-02
-1.670579101975633307e-02
-2.421080779413671211e-02
-2.986430130794133150e-02
-3.316614038783143037e-02
-4.111886177171442114e-02
-5.230586833709480882e-02
-6.578505767888601086e-02
-8.962311972791212056e-02
-9.657892744234715388e-02
-1.030829119569432323e-01
-9.992718569687894514e-02
-1.284828815185249939e-01
-1.430865793644642281e-01
-1.692349617690467878e-01
-1.940913501040000821e-01
-2.079178206412223007e-01
-2.310395454452930097e-01
-2.471235474028787849e-01
-2.685503560793222055e-01
-2.903128469895960850e-01
-3.204977380416352273e-01
-3.469845301107511437e-01
-3.559764246200103344e-01
-3.609703005592336811e-01
-3.711069505978599747e-01
-3.946068290230016484e-01
-4.154153742936926852e-01
-4.302824480213615632e-01
-4.362694259639340322e-01
-4.390645177109434028e-01
-4.397554102500180195e-01
-4.292734672373512694e-01
-4.315593145122278429e-01
-4.304336045974054281e-01
-4.290260753020334050e-01
-4.235815817723988519e-01
