-1.903755187996658636e-03
5.523828820230391578e-04
5.327388105438401675e-03
9.619137173828562482e-03
1.117245537229791773e-02
1.186211788137114809e-02
1.129160316694566291e-02
6.480394810247957701e-03
6.843108533260533477e-03
6.621687474734017304e-04
-1.260978437716602299e-02
-2.529139807727744799e-02
-3.863978197117461100e-02
-5.436320966326348841e-02
-6.295457104710636131e-02
-7.172009321122345404e-02
-7.058187205606998582e-02
-6.591158856597587046e-02
-6.810132686902363452e-02
-6.501065868268937620e-02
-7.081368398938252262e-02
-7.486295696674290234e-02
-8.613833871401369024e-02
-7.409708639826817489e-02
-6.363465673190375760e-02
-5.762445418865524971e-02
-6.448957034741339966e-02
-6.325745815801156469e-02
-6.158144593999850119e-02
-6.477534805205209523e-02
-6.354013206952516257e-02
-5.133826968769881344e-02
-5.238881023884687377e-02
-4.929724527639791493e-02
-5.837223418190262691e-02
-6.196069140753195092e-02
-6.605780289085316781e-02
-5.958655074433352045e-02
-6.217298207955650191e-02
-4.642606337907295710e-02
