2.588704919620710143e-03
9.007281205302319210e-03
1.782366135171891200e-02
3.300998776305448523e-02
4.872380929049668907e-02
6.383774684054657755e-02
7.745637092379667465e-02
9.722135179955131157e-02
1.006220778470947180e-01
1.047372361247312228e-01
1.088272123319711654e-01
1.088394356699055321e-01
1.061165073353407678e-01
9.241464180902880798e-02
8.051820066695825062e-02
6.204456349412908189e-02
5.804072680002434620e-02
4.372980064556770963e-02
2.668501102207585657e-02
5.107165146861802549e-03
2.965306585335269855e-03
-2.925705248051713083e-03
-1.908958468316655083e-02
-2.558136324219049268e-02
-2.572113848755748153e-02
-2.857208222380904633e-02
-4.067159130251241095e-02
-5.825545237108542551e-02
-6.652900070689611589e-02
-6.534862107741049031e-02
-7.252546906581472386e-02
-8.637244968259097377e-02
-1.025766290335667491e-01
-1.176530289481320379e-01
-1.265245747364787121e-01
-1.389994068604266941e-01
-1.512097189994420776e-01
-1.547840364233735444e-01
-1.529272079473202040e-01
-1.522262091104210069e-01
