-6.286392722395284021e-04
6.971068076543218348e-03
1.295540326907058601e-02
2.071389921748831991e-02
1.896550669077754631e-02
1.591940723537632607e-02
1.187405347353234254e-02
8.680436024488358965e-03
1.923188550507859505e-03
7.834045008550560851e-03
-2.198298223513006720e-03
6.830783110871152097e-04
-6.371386340163099227e-04
-3.627710843721842961e-03
-1.126003314911656547e-02
-1.570419001459128980e-02
-2.126321142170297523e-02
-2.172606494792148762e-02
-2.746765617399376039e-02
-3.996505043043328126e-02
-5.060327802990229745e-02
-6.033124357942654115e-02
-7.453527267197727901e-02
-1.055314530108859145e-01
-1.154761916782348352e-01
-1.384251716514853514e-01
-1.610866897417423671e-01
-1.641473269820011294e-01
-1.738411754979040380e-01
-1.909788463970897854e-01
-2.008879200607481263e-01
-1.975575347465479692e-01
-1.905840448795260156e-01
-1.891046568416697993e-01
-1.808480154006616714e-01
-1.841437568383270107e-01
-1.828722621261903158e-01
-1.737196952833016950e-01
-1.620096046859743066e-01
-1.470740659061363087e-01
