2.492090543217528875e-03
4.964883919901197547e-03
5.135392048802955509e-03
1.605321662423122436e-02
2.488999002296665708e-02
2.528270162226888690e-02
3.177616134876899701e-02
3.701480013548774650e-02
3.362875323864358140e-02
3.793193458114814398e-02
4.404760436167407672e-02
5.188814572786668716e-02
5.218702716321530627e-02
7.101477894446758810e-02
7.324171136868926069e-02
9.341548084995281165e-02
9.263717328319671929e-02
1.171569406831764609e-01
1.194356271735955433e-01
1.268824953870051897e-01
1.444894255891881474e-01
1.628612368252220222e-01
1.687164685309340828e-01
1.756706207273168729e-01
1.787268676712756021e-01
1.724645714148436981e-01
1.667080860646649454e-01
1.647468337443797337e-01
1.725109864248565716e-01
1.642474841843210298e-01
1.534404753529514664e-01
1.649639178296752051e-01
1.599893661873750261e-01
1.740200155572409757e-01
1.867340537345597851e-01
1.973678008279364238e-01
1.911013332884010651e-01
1.975391399473579723e-01
2.169828625205099115e-01
2.427331678073130772e-01
