1.052293818071703440e-04
1.766191818509810132e-03
-1.365662605437023558e-04
2.720952888481065202e-03
8.804266735236154773e-03
1.402955102265508389e-02
1.582930302922562829e-02
2.120039453063213980e-02
1.609048292052648460e-02
4.740659328120955252e-03
7.350703592037178061e-03
-4.169745681998904274e-03
-1.993403707173513253e-03
-4.033437242992476794e-03
1.760304391620763978e-02
-2.409460150462052613e-02
-2.293877428573409816e-02
-2.801272264648559801e-02
-2.298617088021330870e-02
-3.470704165791005380e-02
-3.896009612142279505e-02
-4.876278132073821187e-02
-4.358826600236227755e-02
-4.294785634156141757e-02
-4.067312943778347151e-02
-4.519811409697922777e-02
-4.114889541775425957e-02
-3.300345123201679776e-02
-2.987062938612155064e-02
-2.322029083072152389e-02
-2.143580195779577410e-02
-1.068750862872036578e-02
-6.849835554984906420e-03
9.478798627569062774e-03
2.620767270602755022e-02
4.127614436356168148e-02
4.285941258060858849e-02
6.011704252799745379e-02
7.856397560472032360e-02
7.953509156549784520e-02
