-2.399631363166676579e-03
-3.444598712929192348e-03
-4.123071780234965900e-03
-5.833048533312279287e-03
-1.243026553735404605e-02
-1.454546890155015114e-02
-8.528029821903260199e-03
-5.039935350026780725e-03
-1.397012242954076555e-02
-1.716246469455739998e-02
-2.238387566419532820e-02
-3.252726979503677007e-02
-3.539553407368600801e-02
-4.512544490787036289e-02
-6.497710211531568247e-02
-7.365663431109510662e-02
-6.479370985478567768e-02
-7.022236412291534002e-02
-8.028179369360373407e-02
-9.276110453572812553e-02
-1.174302039626837768e-01
-1.416110549539638386e-01
-1.545235847642061344e-01
-1.657618565276038625e-01
-1.726883907230586657e-01
-1.862290730565717978e-01
-1.951860500558041112e-01
-2.126013019852280306e-01
-2.198801398517957750e-01
-2.353519214003085835e-01
-2.553470607893529865e-01
-2.721896574340803565e-01
-2.741164772187204557e-01
-2.732433775463959935e-01
-2.725923032410036972e-01
-2.856667255208208411e-01
-2.817507350585998216e-01
-2.930738310626367360e-01
-3.078114132092309996e-01
-3.019956291934818293e-01
