-6.841346562341144456e-04
-1.291316197519876141e-03
-2.188868548828537368e-03
4.600605058229234872e-05
3.276228820985949315e-03
6.442535055575149619e-03
4.982657747028440554e-03
8.833518049026167079e-03
1.218581864839336434e-02
1.027251348734239435e-02
5.720062011731386412e-03
1.424218410228803543e-02
1.642081866216500360e-02
2.113994794669054114e-02
2.439557725976158192e-02
3.922199234258982870e-02
3.915124306919324365e-02
4.363283269451585789e-02
5.363463520162668058e-02
5.077714025260036262e-02
6.547216998451119152e-02
8.765360185223017297e-02
1.053115425279770589e-01
1.094356755555651317e-01
1.123205938559863198e-01
1.186729733838404882e-01
1.252531476001053079e-01
1.475783653505118309e-01
1.670736162178002304e-01
1.828338447360096097e-01
1.975638184698766397e-01
2.282297868925780848e-01
2.585072096443752909e-01
2.814111984942513911e-01
3.143965697802514336e-01
3.333229223669832431e-01
3.496253341432179473e-01
3.815619060020282172e-01
4.006241113767202711e-01
4.181983977551453902e-01
