3.027550779674115147e-03
5.390399074324392706e-03
8.505761726257433236e-03
6.920375192878936224e-03
8.367706919544559349e-03
1.276417681437678163e-02
1.533117673055528485e-02
2.371770582797125965e-02
3.260316793433019888e-02
3.595628450621290995e-02
4.445211032147540486e-02
5.644841910226148368e-02
7.149383362452965684e-02
8.530032263996360775e-02
8.664627333826616096e-02
8.773993802907113781e-02
1.119028223452147586e-01
1.247074167556803531e-01
1.315964085947598505e-01
1.461979923309456864e-01
1.492139469711105393e-01
1.589262820195926906e-01
1.619308391694630755e-01
1.710189975625894532e-01
1.700359553522929335e-01
1.800574316446301171e-01
1.828034746290029544e-01
1.763528001078896179e-01
1.953181591741127987e-01
2.046673675216822974e-01
2.201398078666812752e-01
2.477942211942917028e-01
2.478755051046249436e-01
2.643614512056473020e-01
2.875553404565437399e-01
3.085056380664383258e-01
3.384356345334992855e-01
3.714883065841888543e-01
3.978165806671995486e-01
4.252647238660188234e-01
