-7.171624367584783716e-04
1.404399821849722143e-03
1.038999970318954611e-03
1.005065920359982101e-03
-1.001176260970240185e-02
-1.504587321287971166e-02
-2.739358474563147183e-02
-3.382591054534885011e-02
-4.872081166842719135e-02
-6.473020507354476649e-02
-7.418765175747381313e-02
-7.615474048898107640e-02
-9.519007017886024768e-02
-1.015282324564964200e-01
-1.070767939085044418e-01
-9.490350352234599995e-02
-9.544106683250390410e-02
-1.003696108136153953e-01
-9.680984434528738802e-02
-1.013988899317297410e-01
-9.817821646831532967e-02
-9.266076397511824325e-02
-1.040377614539920587e-01
-1.084956965965517411e-01
-9.618542816613455393e-02
-7.581961470569638373e-02
-7.432294376820039461e-02
-7.463064587103360181e-02
-6.534505588747378801e-02
-5.512938151062485304e-02
-5.404811288971415884e-02
-5.743547836256084060e-02
-5.465903283053705902e-02
-4.183436697607874344e-02
-2.029315001205134195e-02
-3.049837389944798360e-02
-2.702022900503209257e-02
-2.596463785110927208e-02
-2.710601973286657154e-02
-2.430550369203388072e-02
