7.623302506675422524e-04
8.205552609801713970e-03
1.551315224913842918e-02
2.913950141317300790e-02
3.745050286726155087e-02
5.415588751318765187e-02
6.577128370306439820e-02
8.291905156341812522e-02
9.581420086756083088e-02
1.058691504835323344e-01
1.279788482451039155e-01
1.464835965622398872e-01
1.748945333381684009e-01
1.982533431916436995e-01
2.237345934830216321e-01
2.363041697801321617e-01
2.403298479331084647e-01
2.618963526501659200e-01
2.858006066227318231e-01
3.156368112634993506e-01
3.573180671156507282e-01
3.777385230925773274e-01
4.035186265088697155e-01
4.290169501978994271e-01
4.531747178359353256e-01
4.941109317961178138e-01
5.195169705947506600e-01
5.585668704365076564e-01
5.796154049208752657e-01
5.985219680873058445e-01
6.117715873839728591e-01
6.433603982750127903e-01
6.688062112602863873e-01
7.162315436742006103e-01
7.584306024575908634e-01
7.848934251478482116e-01
8.080287327428692379e-01
8.370195377337864562e-01
8.588362171791572575e-01
8.782529655594316642e-01
