-3.248171566925606071e-03
-7.187648030497229348e-03
-1.208772036727623345e-02
-1.320340098986250155e-02
-1.782405932555377465e-02
-9.688994113883353521e-03
-8.753327462261494690e-03
-8.739552279689633690e-03
-3.438140811478263177e-03
-1.151206092966958715e-02
-2.259020901172448335e-03
4.835561927795595065e-03
2.547379633247714905e-03
-4.269284656697891304e-03
-6.645903117492935400e-03
5.490573427078970607e-03
9.134486283710430837e-03
2.134768765014314479e-02
1.791916830595994409e-02
2.016172340542254915e-02
1.597007700509038911e-02
3.255220376623526451e-02
5.733956130209207774e-02
7.371522823338523545e-02
7.280287083107736534e-02
1.062989698062324351e-01
1.173782343893520902e-01
1.160942428445736196e-01
1.314751390968837141e-01
1.416445011639126395e-01
1.551966563795161846e-01
1.727902268260663732e-01
1.912639458361894695e-01
2.027028446254092731e-01
2.182582575714747120e-01
2.456096460233481993e-01
2.597752060772478555e-01
2.942001355372553806e-01
3.041225216080363225e-01
2.952402959378446212e-01
