-1.948309149730853649e-03
-6.206280524494900853e-04
2.600573325056032559e-03
4.742748641819361302e-03
7.254322440201121762e-03
6.298022689481541647e-03
8.166745170359489964e-03
1.344158877692507373e-02
2.558401225165880463e-02
3.502264846955398248e-02
3.656331890186947930e-02
4.704298098335328582e-02
5.807154624646528734e-02
6.184473725677434863e-02
8.262247985981616138e-02
9.707910915777233363e-02
1.097039881952838469e-01
1.163787854411452855e-01
1.317090172209049170e-01
1.509718283427048391e-01
1.649576618812829965e-01
1.754348171272340495e-01
1.932649113748311775e-01
2.081173347853649547e-01
2.372775267585666426e-01
2.596619577392146883e-01
2.894725240955978163e-01
3.168799168236262065e-01
3.376719220437166546e-01
3.512687693603879779e-01
3.581479156112521989e-01
3.880413739921067529e-01
3.817410258042969184e-01
3.910834163592425972e-01
3.973575157886017339e-01
4.024441916067104108e-01
3.995496434864094226e-01
4.100290267009057965e-01
4.171049472054392249e-01
3.964927032613189684e-01
