-1.731983436074813285e-03
-2.373653000045195059e-03
-4.757190103714492406e-03
-1.242144256664161686e-02
-2.146940696584849137e-02
-3.126230925803667737e-02
-3.923643170053168344e-02
-4.611156570401675481e-02
-5.193778848646957158e-02
-5.634349952426305486e-02
-6.440366212280963787e-02
-7.485409406525889153e-02
-8.863711889512586317e-02
-6.587519648713850706e-02
-1.394652629687612999e-01
-1.734612472712996067e-01
-1.986282558637100237e-01
-2.111580135934815472e-01
-2.332694918536390161e-01
-2.604994410077011713e-01
-2.942938135520989928e-01
-3.074495545350742765e-01
-3.217599081593761068e-01
-3.551440603117441697e-01
-3.734624993259103576e-01
-3.881805506292920205e-01
-4.210217869406591151e-01
-4.345955070872719039e-01
-4.397575133961567073e-01
-4.353273620580381253e-01
-4.607683845745839113e-01
-4.613916313781175060e-01
-4.718206036005511694e-01
-4.699939446533164533e-01
-4.787829352699361496e-01
-4.435967023957061994e-01
-4.922172595759718439e-01
-4.395784918246590789e-01
-4.829630941765287733e-01
-5.002587206216702054e-01
