-2.049021941269923812e-03
-5.411599372440534586e-03
-8.068253513097544544e-03
-8.942490454549556836e-03
-1.087956659567126429e-02
-9.613419967323011406e-03
-7.430556615182127081e-03
1.232152840411515583e-03
1.026451952718190376e-02
8.184853039875861908e-03
1.728519295008368317e-02
3.477930865148266826e-02
4.726275664788062020e-02
6.487058595764665092e-02
6.986226408471907234e-02
7.026793557906785281e-02
7.652837240532051055e-02
8.383757101993012661e-02
7.898511692191903522e-02
8.501972494064773123e-02
9.626011543605841880e-02
7.793591649313214020e-02
6.800229237291262330e-02
6.695580897892909611e-02
4.350341255701266341e-02
3.309662911915154521e-02
2.366550253848913668e-02
2.035976525597220713e-02
9.725073446000464736e-03
-2.507994240730226920e-03
3.011240877356726603e-02
-1.039152277963353334e-02
-1.128923861968189613e-02
-1.213102543032107405e-02
-1.010051992853107025e-02
-3.780267029816286508e-03
-1.775992208604577557e-02
-1.995962970481457432e-02
-3.949114125151709231e-02
-5.295284355687499694e-02
