-8.398049691172637448e-04
-5.487365799017496389e-03
-6.245353723415903065e-03
-9.453776503642074766e-03
-1.542417884419364747e-02
-2.256193929330692002e-02
-4.043559545710877223e-02
-6.062167669229125838e-02
-6.914510012203152478e-02
-8.010913180000614475e-02
-1.032752004408507701e-01
-6.769892553909499788e-02
-1.224880437195466215e-01
-1.241972920862337987e-01
-1.289015142776492040e-01
-1.433484272575356044e-01
-1.493710076541134302e-01
-1.551848898674080546e-01
-1.504626233465757024e-01
-1.613297907557921518e-01
-1.813141090059076643e-01
-1.763279129351900676e-01
-1.892113109398479709e-01
-1.866242283270139468e-01
-1.932714330509412437e-01
-1.940354135797520141e-01
-2.034026230255165102e-01
-2.145334889427033542e-01
-2.237930351468804813e-01
-2.274844675626070400e-01
-2.440052987557720654e-01
-2.528734236421229520e-01
-2.669835339569203714e-01
-2.717157626998044639e-01
-2.838239155021312632e-01
-2.793827945090441855e-01
-2.768553232052312074e-01
-2.879844033636430600e-01
-2.977285781330664127e-01
-3.081102751346065927e-01
