1.648407045864885736e-04
7.644599518105366304e-04
-3.846066246311963428e-03
-1.821380167708070916e-02
-2.165943453085929921e-02
-3.155202840948874432e-02
-4.654832091186307530e-02
-6.022913312382058987e-02
-7.352963618773458720e-02
-9.006540627560610801e-02
-1.028549559484076836e-01
-1.109851401390656578e-01
-1.190225187809133417e-01
-1.328633702126325034e-01
-1.405610157854141617e-01
-1.451691210852800451e-01
-1.406644459217090970e-01
-1.391904571645511679e-01
-1.408855400670603331e-01
-1.415029452592904136e-01
-1.406717428427896321e-01
-1.513614706534298082e-01
-1.341238186400033894e-01
-1.220324416071889573e-01
-1.335839982858061659e-01
-1.321950149818263698e-01
-1.362448672048145737e-01
-1.391529198841539028e-01
-9.233404854724654165e-02
-1.372942288250754983e-01
-1.354533070180536924e-01
-1.399410874329475862e-01
-1.267054973891646452e-01
-1.153439950776629502e-01
-1.129519806718917579e-01
-1.131822751557393786e-01
-1.200606638369038082e-01
-1.147132615834635799e-01
-1.281576395622209819e-01
-1.268545776613621001e-01
