1.226326097634089420e-03
1.009960829288303243e-03
-1.136409417632577943e-03
-7.596261811615078949e-03
-1.118278789678157567e-02
-1.895389824274431451e-02
-2.215854790772340405e-02
-2.311562245749314640e-02
-2.660333307368602934e-02
-2.829328572844502787e-02
-3.753717467067332197e-02
-4.480817305979485632e-02
-5.422603199904330040e-02
-5.405264843099644168e-02
-6.601953154323894624e-02
-7.370746417321641375e-02
-8.770183265660307093e-02
-9.779953519517903260e-02
-1.037435728637291221e-01
-1.083989229011592670e-01
-1.091431727752990299e-01
-1.297343609300497802e-01
-1.477557452047676689e-01
-1.488205620171328403e-01
-1.735899405400203876e-01
-1.770896211228119854e-01
-2.002743277086693752e-01
-2.119480043695489146e-01
-2.142438563939123297e-01
-1.972558562943788618e-01
-1.886971763971843075e-01
-1.894800749392004380e-01
-1.951490720499549636e-01
-1.957882640920416972e-01
-2.069621057590495528e-01
-1.881977051518191613e-01
-1.653805238215539930e-01
-1.791796042332805539e-01
-1.813676397136049501e-01
-1.791535595015062710e-01
