8.408326865685822760e-04
-2.039410935807950545e-05
3.181602779199721627e-03
5.390258939996783399e-06
-2.799615704843461030e-03
-5.943613661172264875e-03
-1.702182786718395985e-02
-2.725464647418789424e-02
-2.599358044826374087e-02
-2.594702401030985969e-02
-2.908637019699966686e-02
-1.969067176328138588e-02
-2.189017025421122892e-02
-2.061489925312685184e-02
-1.820722791868547435e-02
-1.761931531438278714e-02
-1.648962856584148401e-02
-1.783451300174760876e-02
-1.471296944471305393e-02
-1.072856117512799301e-02
-6.230234732089457057e-03
-1.778275772124970954e-04
7.970696252957053946e-03
2.581008608983097544e-02
2.991695742631179586e-02
4.066522259985845544e-02
5.398521725854834447e-02
7.462128384839558648e-02
8.818037289050835448e-02
1.047865260510832258e-01
1.073054046137997403e-01
1.211516944000351204e-01
1.306057715939601960e-01
1.378548635878246442e-01
1.309827212975335498e-01
1.029677860054050570e-01
1.148840887108036612e-01
1.159160300011166100e-01
1.080961618698324800e-01
1.184115956737457481e-01
