3.025147407999639990e-04
2.489937885455972659e-03
4.444252960722039347e-03
1.338092642566124368e-02
2.866037817823609973e-02
4.120007687771476412e-02
5.755023588398699985e-02
6.981547302317636650e-02
7.636282203983028871e-02
9.617227324589947002e-02
1.156821748984682985e-01
1.253706623337066672e-01
1.437200791186555304e-01
1.595669785141836938e-01
1.892341990780920524e-01
2.063686076931503521e-01
2.240984609405472783e-01
2.546745099382065058e-01
2.887286305402284592e-01
3.238397875759232991e-01
3.608993308609427797e-01
3.793115630120382775e-01
4.250998019912458625e-01
4.475898357315770681e-01
4.930270690339312867e-01
5.333030741289291887e-01
5.879332033457614903e-01
6.310275358651409316e-01
6.744100123457684726e-01
7.092126545459223053e-01
7.386001828561290505e-01
7.816908480932284187e-01
8.200380396934662253e-01
8.512638034944813858e-01
8.939264092809480200e-01
9.184987701931760506e-01
9.495780007978226189e-01
9.881993666652789665e-01
1.021392186262056523e+00
1.049326722181638250e+00
