-9.640133513902249696e-04
-5.980029768518945951e-03
-4.285277597255898914e-03
-9.573061626024781390e-03
-1.686590402865562055e-02
-3.479132945078120681e-02
-4.096788439784262298e-02
-4.467950863933225353e-02
-4.596599254794284800e-02
-5.725140420089189913e-02
-6.294429174222671008e-02
-7.222526213151496399e-02
-9.360738852750642713e-02
-1.165397712254645085e-01
-1.420036061837606778e-01
-1.607943656059575288e-01
-1.618941024302131271e-01
-1.623098458089344831e-01
-1.588095939281060909e-01
-1.758885540219154164e-01
-1.922150806198942574e-01
-1.977496857083366477e-01
-2.182390938864187946e-01
-2.420174176365691154e-01
-2.559535692847333399e-01
-2.858923927013364841e-01
-2.980100127901977314e-01
-3.074524104010066816e-01
-3.080305455489537048e-01
-3.249958510577329318e-01
-3.329033994803950458e-01
-3.351759111721747675e-01
-3.466877405934610801e-01
-3.458942251101745913e-01
-3.662015173262034295e-01
-3.721629220714220421e-01
-3.864629211676799403e-01
-3.904576678309865656e-01
-4.002227145993799695e-01
-4.211043712962919128e-01
