-2.821271773447442573e-03
-5.150272870990235674e-03
-2.816564879378446930e-03
-2.453604273301835011e-03
-3.056305133996062122e-03
-4.039037837556236701e-03
-9.831400660890211168e-03
6.842173094868541847e-03
1.818165539273053355e-02
3.440086576751468644e-02
4.345913445404363251e-02
5.908405024693479113e-02
6.771094694338586351e-02
7.393599108608839288e-02
9.490262825142395386e-02
1.145137438850639400e-01
1.462242011660379037e-01
1.659248450315345680e-01
1.877331397852003703e-01
2.191433531243092148e-01
2.443354204393699547e-01
2.691193694835902761e-01
2.975899970390713523e-01
3.188660773218288114e-01
3.472877532919312893e-01
3.752143487737299443e-01
3.948009091889502775e-01
4.235607779370582082e-01
4.575203931856947071e-01
4.901247094567224849e-01
5.295622005348320505e-01
5.609886438581952461e-01
5.859236071618596498e-01
6.096575399531503070e-01
6.374001117740050182e-01
6.744089229602338031e-01
7.169798250233725412e-01
7.441100605691417513e-01
7.766675190309257903e-01
8.164711956025485495e-01
