-1.295359445383059693e-03
3.913200994091426072e-04
3.536471924171635719e-03
9.186712548643071602e-03
1.274665833223380743e-02
2.139062244898824044e-02
3.114401535441686450e-02
3.832308854999695591e-02
3.334304162329857629e-02
4.226997997719337402e-02
4.754684053036299651e-02
6.042722204791033114e-02
6.373805511399979751e-02
7.958275261430287906e-02
9.391527386776772623e-02
1.069471854717136267e-01
1.285144789105316931e-01
1.391835112778437578e-01
1.485972075876247911e-01
1.619287166458974470e-01
1.820740733676416423e-01
1.915933059377010750e-01
1.978593057510295294e-01
2.145605011894161918e-01
2.391643400496150096e-01
2.541680824105668757e-01
2.780212195370836414e-01
2.916429133985843913e-01
3.530573200066527417e-01
3.002220027571126937e-01
3.113825165161216435e-01
3.106358999701797075e-01
3.313535420821239197e-01
3.545165812487198198e-01
3.500504808280851532e-01
3.520351263441000578e-01
3.478068076874052394e-01
3.679201507753134814e-01
3.820930210468930222e-01
4.026573952169599235e-01
