2.580908927280134652e-04
-1.667877635630077337e-03
8.814190127427679261e-04
-2.208597524798960876e-03
-5.974308098722502618e-03
-8.002888577232880954e-03
-1.971461138879249120e-02
-2.979142929602716233e-02
-2.881063094016695844e-02
-3.578058955121150853e-02
-3.083753379809621789e-02
-3.076488560245138615e-02
-3.940763470977657473e-02
-4.101591837271314350e-02
-1.050528233775196441e-01
-1.064767922429126629e-01
-1.220207941849622557e-01
-1.423425721247440490e-01
-1.554455071346211581e-01
-1.581168474596694185e-01
-1.659366803365117105e-01
-1.746920002747970047e-01
-1.833651902157754365e-01
-1.935628438881167313e-01
-2.134989891177724586e-01
-2.182761168043214073e-01
-2.314636524583420507e-01
-2.360023073143139583e-01
-2.393697904608188820e-01
-2.434887018166136952e-01
-2.394058092427542306e-01
-2.362279982600682671e-01
-2.319972085275424090e-01
-2.273850738757886292e-01
-2.260134661811377954e-01
-2.219158922322662930e-01
-2.165901417009536145e-01
-1.992120805458000576e-01
-1.973351299082821697e-01
-1.729100448836589921e-01
