-1.290191230363291154e-03
-4.626074884700059724e-03
-3.158820773747450343e-03
6.405232365102620298e-03
1.248924114536862327e-02
1.918830404774922796e-02
1.922691852398372703e-02
2.019752493095552243e-02
3.053051269279905000e-02
3.968454960035785323e-02
4.685290860936675017e-02
5.617567311826121568e-02
6.656591545202132643e-02
8.243375181792486628e-02
9.985413837968053208e-02
1.200040695487047115e-01
1.456035092358575755e-01
1.686312308191702525e-01
1.815715078206636690e-01
2.046880406504499317e-01
2.257949588712733768e-01
2.277574681933600687e-01
2.414204657112804797e-01
2.530626736399625432e-01
2.606136952701035847e-01
2.812389457935381420e-01
2.880147483367238581e-01
3.002502190053604747e-01
3.049078845730576748e-01
3.111922186473634611e-01
3.200155647580658069e-01
3.142859325918720970e-01
3.279711166032456271e-01
3.403895114934499810e-01
3.499644290011446057e-01
3.541795657540774411e-01
3.602558015552546067e-01
3.837914229956112533e-01
3.931339883117687117e-01
4.145549319629197038e-01
