8.704609416466446486e-04
5.605608948122053729e-03
6.965315142360850240e-03
7.420268850825095970e-03
8.708979766539216155e-03
6.554931768980765301e-03
9.620156887973508458e-03
8.571138361153885291e-03
1.392482270239838761e-02
1.362264251842475529e-02
2.291602680567308287e-02
1.734035164864593595e-02
1.494527646228789239e-02
1.500568779980540092e-02
1.653943891768108049e-02
1.194851518178268249e-02
7.067277834929086219e-03
9.092469930541824744e-03
6.193247976511884623e-04
1.538635527784606473e-02
2.928796934580759487e-02
3.875811188841567223e-02
4.357803215547732811e-02
2.816438471507467373e-02
3.429526073777822148e-02
2.893484065621407947e-02
1.922857013092027501e-02
7.610593152153910697e-03
1.484923348965594457e-03
1.716905201871554753e-03
-2.348920999886559141e-02
-1.929854959897738670e-02
-2.557310059782480494e-02
-2.530322667366249195e-02
-2.429119077840482394e-02
-2.518585991480506298e-02
-1.744092572402280300e-02
-1.301857999148126055e-02
1.538866041119035756e-03
6.664560877715075896e-03
