-1.656435996005356471e-03
-7.322892131342228876e-03
-1.282680039422245954e-02
-1.288027227866663828e-02
-1.773485108544932062e-02
-1.837567238968418337e-02
-2.531546505088613092e-02
-3.570686447139905656e-02
-4.034720402259352884e-02
-5.084954004201449468e-02
-4.972079456184417406e-02
-4.663958304291071499e-02
-5.323869320729386623e-02
-6.232039913002438564e-02
-6.202788338587481715e-02
-6.104342666777995419e-02
-7.216539605206265251e-02
-7.317025883006636477e-02
-7.762050536363460096e-02
-8.717885702266699177e-02
-9.300795110762863360e-02
-9.629416246029051663e-02
-1.164130185831112330e-01
-1.259629616107133532e-01
-1.465482111345721705e-01
-1.526627363015052308e-01
-1.618623158550263896e-01
-1.673949762214192449e-01
-1.892593574512801413e-01
-1.948323522242418337e-01
-1.954022547831158474e-01
-1.987327655215210542e-01
-2.103117952827034398e-01
-2.082419100129072886e-01
-2.122647188622210079e-01
-2.310606129347433924e-01
-2.377908234330362858e-01
-2.297981298606032452e-01
-2.241982761464470231e-01
-2.187395996238308271e-01
