-6.255247542767961293e-05
-2.743658721807662633e-03
-1.007469075010440987e-02
-7.517328718546423087e-03
-1.356131309289096941e-02
-1.566277816688312757e-02
-3.063141112679659134e-02
-2.803497605706723947e-02
-2.900096555326001774e-02
-3.348409985197946248e-02
-2.532542554582164346e-02
-1.693527038176796326e-02
-2.499115166738903257e-02
-4.037556982884780293e-02
-5.173892311622694390e-02
-6.019416113073248337e-02
-5.727933840191781062e-02
-6.446298655440330094e-02
-6.090087735345832420e-02
-7.652642543706349165e-02
-7.338640552918321291e-02
-8.432585390491738331e-02
-9.252531337189395799e-02
-1.180011801319977849e-01
-1.286468577201873020e-01
-1.466005744497237973e-01
-1.637612306740720558e-01
-1.713442398295313696e-01
-2.053396240653086180e-01
-2.172051188100453945e-01
-2.392325677689626784e-01
-2.459261805961432401e-01
-2.722294917278901272e-01
-2.888962434671270563e-01
-3.098025451735623159e-01
-3.338857008364357060e-01
-3.097094888316149763e-01
-3.825039847121416980e-01
-4.099324890737818805e-01
-4.270177798875749997e-01
