-3.230263736934979764e-03
-4.126973826561552636e-03
-6.911917866151640272e-04
1.066407487674041546e-02
2.147426625933093053e-02
3.052019675004018565e-02
3.123513582003596342e-02
3.742941605824370160e-02
4.064100828782102326e-02
5.987736001877834446e-02
6.878285398059205691e-02
7.332049290294691268e-02
8.107532015695539940e-02
8.947018031767584034e-02
1.059777969179720031e-01
1.147385125354702523e-01
1.307638106892625163e-01
1.438678366498436501e-01
1.639228542110998943e-01
1.812553329842614969e-01
1.929836448198017362e-01
2.052155596210212818e-01
2.226033358059055500e-01
2.276561261578933792e-01
2.457003853960429696e-01
2.565999893428284051e-01
2.593447796390506710e-01
2.752882499598910959e-01
2.808634999695669987e-01
2.963026336114353287e-01
2.917962650785341228e-01
3.046350907711968259e-01
2.979369203858454052e-01
2.999668186146806081e-01
3.074290249386081308e-01
3.002491413692041644e-01
2.726179824087864856e-01
2.635549111836041902e-01
2.708794140105766357e-01
2.734009919016671120e-01
