2.417214921388488504e-03
6.455705394662203042e-03
6.162607739507208575e-03
1.210580250639807856e-02
1.683568827990740077e-02
2.203417723300731337e-02
3.443607687319456823e-02
4.997103935316431211e-02
6.592770418110802111e-02
8.029069234219150808e-02
9.454621501043761200e-02
1.117987215727964667e-01
1.223396003373935087e-01
1.370280017815019846e-01
1.547329816007675107e-01
1.712175038108483816e-01
1.936988700707445443e-01
2.163267185250759839e-01
2.284277430943916498e-01
2.641595007599931710e-01
2.842161181932197911e-01
3.103840442725925297e-01
3.196997793529817722e-01
3.409188040693010291e-01
3.570352141270376478e-01
3.792711671080752356e-01
4.033976669600150555e-01
4.213439158533475171e-01
4.464435098208155983e-01
4.808511595282993767e-01
5.153674947035937759e-01
5.403593498523463490e-01
5.815594574581866016e-01
6.038040326325301299e-01
6.252415344963196953e-01
6.495217582441256132e-01
6.713361447115687719e-01
7.010556377360955826e-01
7.235665618648396968e-01
7.368068570388658367e-01
