2.580677823396015837e-03
2.289597340927329756e-03
6.349765690780629149e-03
5.829591136334499532e-03
1.353807877070849555e-02
2.165401604913341771e-02
2.838252519993886974e-02
3.001173077346237436e-02
3.802959132617757948e-02
3.687746166988574437e-02
3.884712664844584828e-02
4.273148609440369228e-02
3.467774298648862441e-02
2.975122839466735197e-02
3.772836578646661387e-02
3.342611401428143697e-02
2.235663874395186351e-02
9.624889137035097866e-03
8.803163429436721560e-03
-2.375489345698156458e-03
-1.019803749607319822e-02
-9.886232098432401125e-03
-8.172930890603424467e-03
-1.771356627838258785e-02
-4.171531818653875096e-02
-1.158457230134217822e-02
-8.568641310094164687e-02
-1.115329635167853495e-01
-1.419489966685006377e-01
-1.671912552040566990e-01
-1.859245598396427057e-01
-1.915736000085729585e-01
-1.937952547326062813e-01
-2.051172099052820386e-01
-1.998006341152432641e-01
-2.000131588724826659e-01
-1.970792947603826062e-01
-1.987055571171367774e-01
-2.095538872895048033e-01
-2.001899075814151385e-01
