-2.037769324808458380e-03
-8.218042230706500834e-03
-1.465024862109913853e-02
-2.370158609066806005e-02
-3.428810500523767069e-02
-3.893933815095493994e-02
-5.464445861953350775e-02
-7.021943983405379286e-02
-7.337585297524071293e-02
-9.488336030146485300e-02
-1.094712277779564119e-01
-1.314167995656973231e-01
-1.476531554588291217e-01
-1.579467272851431403e-01
-1.719140655789544725e-01
-1.857778408968272232e-01
-2.036417246627877375e-01
-2.246361872881635635e-01
-2.393715999292538865e-01
-2.518265513567456426e-01
-2.666251227273278568e-01
-2.854969902252861291e-01
-3.070590036373573861e-01
-3.428695356121664872e-01
-3.676721202617670992e-01
-3.725690354391787418e-01
-3.811756639788626555e-01
-4.035185805452073393e-01
-4.143785090772382773e-01
-4.295219646197637187e-01
-4.568039353494469657e-01
-4.810107334902596898e-01
-4.981180079828135265e-01
-5.102589369915193629e-01
-5.235233375454612093e-01
-5.428215724327202230e-01
-5.694272771084172291e-01
-5.924165971550934273e-01
-6.193797563614225066e-01
-6.515964708476189582e-01
