-4.595516582866387869e-04
-2.351395774898889894e-03
-5.511576907123227898e-03
-9.618288785213025688e-03
-9.880016894526022844e-03
-1.194524481573608875e-02
-8.854578074772235380e-03
-9.307508112507889217e-03
-4.680908392589344831e-03
5.844289502685740163e-03
1.449557716052112324e-02
2.553445757449139888e-02
3.510390569173153785e-02
4.210305064806903197e-02
4.321276410582015892e-02
5.646559248037021778e-02
6.710664459944837290e-02
7.448118447286447563e-02
8.465495955842357312e-02
7.945659348977755776e-02
8.521650564733249111e-02
7.116045512970856080e-02
7.362610916335370070e-02
6.470107824363538485e-02
5.138741216926519251e-02
4.415335662926338223e-02
3.213230207362584995e-02
1.922153322004760412e-02
9.969488488806632631e-03
3.227583488489926909e-03
-1.603940162567596471e-04
6.334018166256783367e-04
1.202463898937651196e-02
-4.668532819846404718e-03
-2.516250544913418638e-02
-3.201846593140374175e-02
-4.011247198324952024e-02
-5.476827608818268800e-02
-7.102971896289318743e-02
-9.638401472660121372e-02
