-2.084445045474225713e-04
-2.178332470177579867e-03
-1.068171470870353870e-02
-2.717257589934405498e-02
-3.513816339824273743e-02
-4.639978813124230606e-02
-5.727124686303994988e-02
-6.862941361646476834e-02
-7.125826970190303478e-02
-7.683106303273631865e-02
-7.693376718293762351e-02
-7.843885900551014756e-02
-7.809787137925212896e-02
-8.101824396673862339e-02
-7.937798283357437590e-02
-8.546244711756116608e-02
-9.511223887026858115e-02
-1.084967687544690362e-01
-1.065570023577890879e-01
-1.047030334962357756e-01
-1.043035983577709630e-01
-1.110191648291674882e-01
-1.164020482458056477e-01
-1.231075925075686001e-01
-1.269360968673368117e-01
-1.242892074676120728e-01
-1.243691403988606281e-01
-1.394361465531403499e-01
-1.438802062495312950e-01
-1.445101189170259204e-01
-1.493742972539507663e-01
-1.576984662516309754e-01
-1.594854428123340939e-01
-1.481947333976137426e-01
-1.404484109439692874e-01
-1.322248880846586816e-01
-1.177103861439377369e-01
-1.156904695365625485e-01
-1.193538840809537788e-01
-1.235614020720731815e-01
