-3.973395423596847928e-03
-3.018050021045937115e-03
-2.328912483900324906e-04
-6.084442946132639918e-03
-1.033865687875135022e-03
-6.005754577857657858e-03
-2.836250708799070881e-03
-1.172713704691688043e-02
-7.458560906626133039e-03
-1.579884253837775601e-02
-2.017794856065506862e-02
-3.180421899270981928e-02
-4.350885457778019827e-02
-5.955547543053398701e-02
-6.597346567639875148e-02
-6.510861816595081564e-02
-7.134173284676421922e-02
-6.775022486868635674e-02
-7.274724245763479480e-02
-7.418473061952397807e-02
-5.804076590571867478e-02
-5.387488692650777011e-02
-3.634673837242132638e-02
-4.902010868262607346e-02
-5.199119191473187268e-02
-4.988961963013878453e-02
-5.111471042378070567e-02
-5.406506258292154143e-02
-4.254367475363096673e-02
-1.831904513382482877e-02
1.570183931913220546e-02
2.319570181294068265e-02
6.290095436005457841e-02
6.735940541663013037e-02
7.010605720469413604e-02
9.864636097971982154e-02
1.024596103320703777e-01
1.162554509489410748e-01
1.289663785591585454e-01
1.390269606395236335e-01
