-1.167428766635758650e-03
-4.748297535577705622e-04
-5.030922416533912134e-04
3.920349503040654543e-04
-4.925147285978681219e-03
3.315965341600701864e-03
1.281715516027475202e-02
1.830009292567353826e-02
2.530464436587749263e-02
3.026755866979442475e-02
4.553773701386489708e-02
6.131573793469868860e-02
7.424682389215604694e-02
7.695869211625563922e-02
8.993155170535090115e-02
1.107605063241834387e-01
1.392957388912918759e-01
1.510963456610397715e-01
1.571952262373002840e-01
1.666272624841297900e-01
1.724520748175052687e-01
1.730613210943090507e-01
1.810329942879690124e-01
1.777628019606169174e-01
1.885511446811989344e-01
1.926044653660881067e-01
2.000461831578803640e-01
2.167057873951819258e-01
2.302505101098688556e-01
2.456871215406039310e-01
2.665923028282747853e-01
2.858275242520704751e-01
3.080229626098940909e-01
3.263044906172353765e-01
3.502223749970596600e-01
3.758019476911272361e-01
3.922182321388447690e-01
4.233129151534342216e-01
4.431438207049523959e-01
4.690650908150274523e-01
