-9.245718754493203583e-04
-6.749660940573676444e-03
-1.018911780912929929e-02
-1.539379354611511951e-02
-1.599710355478265594e-02
-1.984040366773953679e-02
-2.313026159434912118e-02
-2.184001920501401489e-02
-1.061148061412637775e-02
-1.866839373604705157e-02
-1.399844781213204284e-02
-1.729752148104921755e-02
-2.206990076179096011e-02
-1.562178021407873915e-02
-8.725775298248094475e-03
-1.437781043634913693e-02
-1.423382783587783321e-02
-1.910849500170570467e-02
-3.238129382672241124e-02
-4.587852595565209551e-02
-5.980143373504631654e-02
-7.751590329835948701e-02
-8.478125506586024762e-02
-1.012655438391135421e-01
-1.027438216943807048e-01
-1.068372814186517444e-01
-1.078855016849274706e-01
-1.083388163099243684e-01
-1.129280049511834222e-01
-1.085819449536586517e-01
-1.004505701865923556e-01
-1.021165293484614239e-01
-1.140696248890264997e-01
-1.305511582242644408e-01
-1.230842599963011680e-01
-1.071010864006552710e-01
-9.195055682543795683e-02
-8.467395705926890337e-02
-5.434832148592363271e-02
-5.454075496778045679e-02
