1.407972287207393024e-03
7.988325766488913252e-03
1.667716454901260054e-02
2.710326853951343720e-02
3.352479489736026608e-02
3.321653793434933138e-02
3.534552301533579882e-02
4.522186505973877640e-02
4.284200048408024625e-02
4.610154807006665301e-02
4.327828380326081970e-02
5.343286923740606792e-02
7.201898070193664403e-02
8.235415827155634361e-02
1.073343690804847428e-01
1.308191580138099996e-01
1.435791448384094449e-01
1.609099522722601816e-01
1.874962364074150289e-01
1.929548763764984132e-01
2.187859868001965080e-01
2.498976724743641742e-01
2.587106895189748568e-01
2.690150702997783361e-01
2.996278103343740784e-01
3.334216184019993534e-01
3.637899007671393514e-01
3.808044515807694208e-01
4.025358201332807084e-01
4.158416126660711143e-01
4.393531813800904962e-01
4.593163118796582123e-01
4.775684773824309670e-01
5.014645779625623856e-01
5.291635150357933970e-01
5.518893998454217353e-01
5.682920668443273149e-01
5.750601770782622912e-01
5.856769191458454094e-01
5.951307848467820572e-01
