8.852546890023127012e-04
3.974263810577127569e-03
1.051669496324834051e-02
1.066799183283180172e-02
1.791198595267502400e-02
2.946696345401633721e-02
3.573025944456560687e-02
4.076030388190900883e-02
5.131596040064181213e-02
6.511071426049283573e-02
7.606128631748561297e-02
7.367733639460424810e-02
8.105664439840865043e-02
8.220826378330628459e-02
8.027575773356829258e-02
8.603768371626471789e-02
8.813175283625299117e-02
9.830071517529859193e-02
1.006213064044743505e-01
1.111913667577766746e-01
1.155233470798520956e-01
1.135455507259592878e-01
1.308032356193649659e-01
1.492850362479146153e-01
1.629359423727834155e-01
1.796340498896398796e-01
1.898005590795179276e-01
1.937721377037092962e-01
2.091019411243536241e-01
2.263055614180188857e-01
2.086208691426094108e-01
2.049960406558966608e-01
2.168710655455186043e-01
2.137582729770571288e-01
2.220777344143158305e-01
2.306767563365525464e-01
2.453723544658373557e-01
2.764363613969749167e-01
2.752484242969217010e-01
2.803684432034572183e-01
