1.008187446833819310e-03
-2.785076314935608453e-03
-8.449238788409729403e-03
-7.894935679818360086e-03
-1.666593748954667970e-02
-2.597945865475352958e-02
-3.942627191663774372e-02
-5.673560131062771461e-02
-7.146227292865318936e-02
-7.983729996257267481e-02
-1.069047882760813251e-01
-1.313492383282110210e-01
-1.555726924304025316e-01
-1.760324567832242393e-01
-1.939507971792380769e-01
-2.033179069838183806e-01
-2.282788750083142304e-01
-2.435491176498260357e-01
-2.481291133814607919e-01
-2.127969599810484169e-01
-2.628020410114771943e-01
-2.778877453704836631e-01
-2.938346555827422435e-01
-3.063115911191687246e-01
-3.127638606122559173e-01
-3.123625881475448063e-01
-3.092581712955478901e-01
-3.046690147080312050e-01
-3.037102734610783727e-01
-3.271428893152631412e-01
-3.149043847987144096e-01
-3.041719442932276363e-01
-3.017429026806809356e-01
-3.127456834764984483e-01
-3.133657388391782317e-01
-3.226197584192675438e-01
-3.372002273022872143e-01
-3.701032801863391453e-01
-3.836123270834491672e-01
-4.049211122712705335e-01
