2.063757160158097119e-03
1.426794820204690950e-03
4.061179156045114161e-03
1.682255025680206087e-02
3.613409019636577846e-02
4.427540901297888354e-02
5.477229249482320345e-02
6.519275430217419398e-02
8.692375254542525354e-02
9.137220107688363846e-02
9.207442200875562421e-02
9.699568132363793616e-02
1.158757273269827720e-01
1.204477942864997375e-01
1.306188575061099644e-01
1.389192913875206270e-01
1.349944338083446382e-01
1.434756577816386769e-01
1.471192132095154592e-01
1.563842675219547229e-01
1.634995547638993796e-01
1.790905003948495278e-01
1.917642259517464143e-01
1.919661900938109400e-01
1.925681355521106641e-01
2.185181419393018021e-01
2.344683339438859149e-01
2.448229640022333287e-01
2.642944760492383915e-01
3.304787894579589991e-01
3.085537563737688060e-01
3.428375040548985453e-01
3.461963360844038107e-01
3.600338934416328351e-01
3.807383833257461103e-01
3.850208673862567932e-01
4.434863395862862490e-01
4.163383800366943777e-01
4.313628792387021460e-01
4.530325469652495829e-01
