1.179600096611199776e-03
2.660482030820076997e-03
4.536060055952972903e-03
8.931769570362745742e-03
1.359564114884150889e-02
1.980261271024446115e-02
2.260325768505993052e-02
9.108854745170447478e-03
8.537765761985838253e-03
1.598196686471453545e-03
-1.087219554556071409e-02
-1.042145403998091455e-02
-7.051952374104076063e-03
2.002641230328095021e-03
2.835727246230135366e-03
4.555300063819345616e-03
-4.167668580913641216e-03
-1.290262915529751843e-02
-1.996560585933195714e-02
-1.706557565917989766e-02
-4.672651651219439156e-04
-1.814541292560534257e-04
7.899206609806696654e-04
-5.873158670019052244e-03
6.389007952918746014e-03
7.941950247490581552e-03
7.167271367472949004e-03
9.038261008046787753e-03
-2.406550459411960219e-03
-6.128602210057465700e-03
-1.924255181734224607e-03
-3.751060971364949918e-03
-3.461576756987483176e-03
-2.925648772986733093e-04
7.502446592545198092e-03
1.700959161280195600e-02
3.414867022534338187e-02
4.435454454065279606e-02
5.266189424785352319e-02
6.674213898864422845e-02
