3.953539294567498703e-03
1.022960388200715512e-02
1.406086517516413892e-02
1.743099145686173232e-02
3.351995926531756848e-02
4.638368577697491585e-02
5.353409505474217983e-02
6.723752848645574154e-02
7.561908966077197924e-02
7.366113750618978606e-02
8.234838385775873626e-02
9.511867963479687937e-02
9.792912755573723871e-02
1.135956604903014949e-01
1.399060884912245173e-01
1.510670569286133857e-01
1.600091092453737873e-01
1.738833546053541457e-01
1.846917006086329083e-01
1.913995782297263359e-01
2.182467531278547423e-01
2.325536646901866789e-01
2.568184298923853470e-01
2.797368894488584945e-01
2.921323376436958941e-01
3.127872311537316929e-01
3.303277835723406608e-01
3.574981047673190804e-01
3.763510293976423671e-01
4.005898901863076955e-01
4.263818315792974323e-01
4.351764767175040904e-01
4.704766497001429681e-01
4.830871664366668261e-01
4.940533579035729650e-01
5.236820574972341769e-01
5.477956002271924252e-01
5.515847555144119951e-01
5.736906777572698957e-01
5.895634767919716301e-01
