-1.537732151722259635e-04
6.337045311862965708e-04
-1.146116615313275133e-03
-6.536311646604531581e-03
-5.902950593826972528e-03
-1.529866500297032486e-02
-2.475997149449682411e-02
-2.707442954903456142e-02
-3.532465018733006723e-02
-4.464980633460413628e-02
-1.322975970570041716e-02
-6.452408392101745271e-02
-6.110138301288969842e-02
-6.422676522544464028e-02
-7.075032568650385656e-02
-8.057369933472671719e-02
-8.168432660034170845e-02
-7.131035306394721551e-02
-7.034721940793246808e-02
-6.927699378969123800e-02
-7.337258467432831999e-02
-6.355940126016434988e-02
-5.088664605289068554e-02
-5.177134855150313658e-02
-5.369368251517130097e-02
-4.789349498978481140e-02
-4.178815624320293687e-02
-2.400355058546494932e-02
-3.013775054256484509e-03
-4.709922792713427953e-03
3.904757312886886125e-03
3.083272691597471749e-02
3.323006576543434398e-02
4.479753455803177353e-02
6.380185827192974557e-02
7.295790675523790292e-02
8.798575633340136037e-02
8.963340675364009358e-02
1.184294990615001042e-01
1.418100078035081368e-01
