1.662799182718455128e-03
1.272808360593558107e-03
-4.654207668730592218e-03
-7.242236703276461358e-03
-5.018533165773675538e-03
-7.424831909338536554e-03
-1.044942281677379084e-02
-1.472589324981186075e-02
-2.191312645909988463e-02
-2.613508380134987874e-02
-3.411970816675875817e-02
-3.486956551966784168e-02
-3.228178322214034918e-02
-2.986341257217759587e-02
-3.887061462467045203e-02
-6.523483648063858886e-02
-7.845939111697361468e-02
-8.420900008088380573e-02
-8.276710234451059578e-02
-8.715538574086281742e-02
-1.046402813464254733e-01
-9.295985937157809353e-02
-1.093124763168304980e-01
-1.222481357278752540e-01
-1.407535556231636065e-01
-1.512850907700112602e-01
-1.646301245621145937e-01
-1.771729360687913923e-01
-1.387823215484445538e-01
-1.909727119995494604e-01
-1.842168297775373387e-01
-1.956454311925227840e-01
-1.917414680850697550e-01
-2.041373930160233496e-01
-1.952556458724728772e-01
-2.143349377245470921e-01
-2.226809821802703537e-01
-2.412394914302495863e-01
-2.348608056405367961e-01
-2.369467029727786722e-01
