-8.069124058657451077e-04
2.363005175952537316e-03
-4.475512770302359292e-03
-8.523013448894545957e-03
-1.086949975872784045e-02
-2.625585087462809636e-02
-2.878606548245841307e-02
-2.323259692799126835e-02
-2.088737056637768319e-02
-2.303331899847051861e-02
-1.486833231207071969e-02
-2.389113616260374329e-02
-2.273603419121315167e-02
-3.730344442342925504e-02
-4.556451238491376898e-02
-5.063438005430213884e-02
-5.312498842255024278e-02
-5.717762372748609601e-02
-6.070763540044481210e-02
-6.734832657388949151e-02
-5.370369658321010042e-02
-5.587997153925527982e-02
-4.161268732113398983e-02
-2.880420435699591192e-02
-3.619865337314535914e-02
-4.027074595817907443e-02
-3.370262531043124316e-02
-2.647283396122475027e-02
-4.371020059230659033e-02
-5.596424166196243416e-02
-7.636155348217528449e-02
-7.063617900857081799e-02
-6.448177662597345816e-02
-4.973329082317547861e-02
-6.811829843565533893e-02
-5.032202760133373115e-02
-4.994334884743238667e-02
-5.647933504654929771e-02
-6.474358804346991292e-02
-6.108053246556437166e-02
