4.478548065148579838e-03
9.067428212965467083e-03
1.861338860446331081e-02
2.622125139179942721e-02
2.705244241035984626e-02
2.791394280506054315e-02
3.090450601800682692e-02
4.374713218161332268e-02
4.872539279194683381e-02
5.136888913934427314e-02
5.286792097735144857e-02
5.847711414630936411e-02
6.860842324594500219e-02
7.793796210468997843e-02
8.820339223424582265e-02
9.067028460099493814e-02
9.523412979689852009e-02
1.038261205281514749e-01
1.189568245004721803e-01
1.422288396367946406e-01
1.672913046267211767e-01
1.911769302401751247e-01
2.067009342357096213e-01
2.273843344935585209e-01
2.374439261042141369e-01
2.474487828453419413e-01
2.655994946246664767e-01
2.942877356519204568e-01
2.965568942012595244e-01
3.188485000609148079e-01
3.336689231384156185e-01
3.476414325705945996e-01
3.642337313561568868e-01
3.757464574550226644e-01
3.774068020990511974e-01
4.041039369423231054e-01
4.353553565929615954e-01
5.048071709695307607e-01
4.713382591713980441e-01
4.769241813193673130e-01
