-1.260110659839952475e-03
2.356005540187311540e-03
2.015606492214772061e-03
1.446724021509737711e-03
3.648333623069532732e-03
8.697446101349015288e-03
1.556375484067871150e-02
2.435075879162411708e-02
3.373504840608206046e-02
5.525593668306498507e-02
5.414142097359899569e-02
5.951613508111108786e-02
6.082255992525205379e-02
6.957217387624439753e-02
6.926495612343899766e-02
7.094800710747790895e-02
7.638946717352723681e-02
8.016659764298025848e-02
8.393545577601457808e-02
8.732034113092765337e-02
9.429932191253839746e-02
1.005822782635988205e-01
9.658312084552847510e-02
1.106431004716938588e-01
1.272259342800879378e-01
1.302876468990149250e-01
1.228027147219989956e-01
1.277610748070486524e-01
1.232539675665719897e-01
1.223728850773881105e-01
1.246928174849728094e-01
1.490461151054489619e-01
1.621574056062030367e-01
1.812941120439802434e-01
2.056930272175009067e-01
2.171719161616891824e-01
2.319773354076772875e-01
2.611401449110019035e-01
2.886864569040312745e-01
3.120779233913538175e-01
