-4.351815389346924798e-04
8.850121936889544100e-03
1.578540629914080423e-02
2.669169637742854068e-02
3.554468965279795889e-02
4.708681003533286141e-02
5.891010216486876339e-02
6.188641917223521027e-02
7.046750282076885696e-02
7.755773982432430380e-02
9.120585924150362289e-02
1.134874539505418001e-01
1.365915890578051628e-01
1.481367753159787415e-01
1.761025348082398412e-01
2.158102042105639329e-01
2.536384981062070887e-01
2.843746634775982107e-01
3.159957365800579732e-01
3.448068398977880977e-01
3.836893161907710126e-01
4.231576394301612143e-01
4.585545129517413221e-01
4.827406818814466982e-01
4.934004203862570881e-01
5.172378482781055942e-01
5.383607931393583623e-01
6.035842508238147275e-01
5.835458688825780893e-01
6.005310332874728152e-01
6.201187931593523661e-01
6.503584104299762192e-01
6.822853157542454472e-01
6.988737668081881349e-01
7.126479143314213838e-01
7.374051151550020666e-01
7.494064420183065289e-01
7.636496478710796953e-01
7.885581898876523610e-01
8.124958886690251125e-01
