2.923680293818797966e-03
5.225442620974618362e-03
1.269962984105923488e-02
2.460785017160418281e-02
2.550442349541413162e-02
3.796036346262780803e-02
5.415644345564061407e-02
7.184122188409389209e-02
8.621795301355916763e-02
1.117155057889135661e-01
1.340564772278980965e-01
1.607250229921945162e-01
1.921319686158781681e-01
2.179322064115780111e-01
2.435765897363637578e-01
2.799233528678257699e-01
3.122179049551988550e-01
3.190124501440010363e-01
3.384246003762768629e-01
3.507948510371676210e-01
3.646861468054709010e-01
3.714802835555900407e-01
3.956577951823163630e-01
4.098737975817215440e-01
4.261659060657649323e-01
4.318554105135262722e-01
4.402826130851223985e-01
4.501215839355353632e-01
4.523888961647230533e-01
4.673256198345001056e-01
4.715742557992001482e-01
4.897396785979225564e-01
5.127246409149194273e-01
5.484991150823077533e-01
5.748000465429840000e-01
5.885002523088275206e-01
6.097917001593913255e-01
6.465875922330951431e-01
6.667914134436557783e-01
6.747829216922752726e-01
