1.232652808187850615e-04
-8.581216136260394044e-04
-1.970502678840091622e-03
5.715107521453433037e-05
2.223881135762439953e-03
3.017269518715437297e-03
6.031070820010597973e-03
1.060503063231834665e-02
8.891181059568964082e-03
1.341884348750994535e-02
1.976702245902686034e-02
3.920061229467108888e-02
4.095314205982845263e-02
6.108752096787384289e-02
8.021314365776106847e-02
1.034037490154162270e-01
1.098214813951670921e-01
1.166945628350134767e-01
1.178628041758429390e-01
1.311758002265776268e-01
1.480472730642560519e-01
1.807024289221004776e-01
1.977340672768150287e-01
2.102173323426427543e-01
2.072208253403601819e-01
2.252861344975656266e-01
2.320495745112651775e-01
2.477782220902014498e-01
2.681385748475463293e-01
2.830586473335529041e-01
3.010734937237998787e-01
3.171778636305901955e-01
3.262804762883035892e-01
3.250609578024352686e-01
3.458296000913719803e-01
3.639334545994813430e-01
3.885595209167433950e-01
4.037749097871795589e-01
4.184119516971634423e-01
4.385051139711265700e-01
