-1.848432383695275318e-03
-3.440924237272469186e-03
-1.699235337723692440e-03
-1.910593857633813286e-03
-2.344377823501275770e-03
-6.670291769665226585e-03
-8.251658661123428612e-04
-4.203209030141863249e-03
-1.188614188782537509e-02
-2.106303086138865480e-02
-1.874867468641241292e-02
-2.995981136041194620e-02
-3.758015102799276697e-02
-3.681060361317065738e-02
-4.172572274066510545e-02
-4.572393788893976130e-02
-5.634150481606355065e-02
-6.450635632526484364e-02
-6.866445345923181953e-02
-7.554608495359502185e-02
-8.855295190238905711e-02
-1.158423758393070102e-01
-1.191520760927318179e-01
-1.326297400103896851e-01
-1.398674197523632756e-01
-1.553971683354916367e-01
-1.768320716277259064e-01
-1.911373126422915847e-01
-2.019633840444385042e-01
-2.068949240792335442e-01
-2.079419563684837269e-01
-2.185773971548940209e-01
-2.335166724971969587e-01
-2.546832594533867677e-01
-2.570817900549371982e-01
-2.878819732561282985e-01
-3.212145963853515473e-01
-3.417253426669389915e-01
-3.594897550172049816e-01
-3.820922724184072083e-01
