-3.015078007038152208e-03
-1.234920772949124092e-02
-1.752510946886403145e-02
-2.197891200641066689e-02
-2.902501674197495093e-02
-2.841362116305958668e-02
-3.169830630212970568e-02
-4.278816349209648567e-02
-4.334323160387185819e-02
-4.813280964802117701e-02
-6.111158477990841220e-02
-6.510009837667354859e-02
-7.047635314673642015e-02
-7.478762164346619556e-02
-6.011511872041808147e-02
-3.896550588065395004e-02
-4.167236727375325106e-02
-4.898367674129815164e-02
-3.953810356173050738e-02
-2.881824565577346606e-02
-8.420867616439408482e-03
1.265142348320580368e-02
3.411838482754774027e-02
4.310060396944663530e-02
5.873514007765834322e-02
7.492994074680722760e-02
1.007614885662434234e-01
1.092650069733281243e-01
1.288489896630636566e-01
1.525790212166810988e-01
1.740085403045071588e-01
1.921467386464172367e-01
1.933329873539861299e-01
1.993520530631798238e-01
2.051855626599632387e-01
2.116298945221387895e-01
2.297964837738902533e-01
2.642208664878211155e-01
2.638455002531771010e-01
2.759588676221653714e-01
