-8.265049161662041399e-04
-2.052925735300448282e-03
-3.816237675677314114e-03
-1.076267100346086671e-02
-1.646910285926850293e-02
-1.512712634374793232e-02
-1.769941096838465594e-02
-1.999014216662260354e-02
-2.371893194802794300e-02
-3.382951875045705353e-02
-2.838573358541083419e-02
-4.033475673113144644e-02
-5.082797670254564359e-02
-6.652813369261281751e-02
-6.866575199483122838e-02
-6.916134436068829827e-02
-8.670808375694320780e-02
-9.524301127752607399e-02
-1.030545995024567674e-01
-1.050717107954511620e-01
-1.213279951002761009e-01
-1.208987256445311631e-01
-1.348243024523071709e-01
-1.285011109365257198e-01
-1.249641506585362494e-01
-1.314344334481887810e-01
-1.261843194747570007e-01
-1.284707682693266295e-01
-1.162783558993709249e-01
-1.152258979797267102e-01
-1.162212230460824003e-01
-1.150774541779611554e-01
-1.143587445964556054e-01
-1.076289874026088028e-01
-1.123623407540208091e-01
-1.237588217427145337e-01
-1.263533479874638377e-01
-1.257893281678008068e-01
-1.385714826727451054e-01
-1.479106862504352138e-01
