1.611436361487506106e-03
-4.107110836001836955e-03
-1.225382163586452577e-02
-2.278466490316475440e-02
-2.724212100100729256e-02
-3.288513117083056297e-02
-2.896815242904580284e-02
-3.624448331249681410e-02
-3.828853964560607892e-02
-5.824734865528995165e-02
-7.236307013052538373e-02
-8.492355702336311374e-02
-1.068786259291783780e-01
-1.291994724206929901e-01
-1.440623041602009380e-01
-1.537959749125377695e-01
-1.766060574641670766e-01
-1.975374205597688615e-01
-2.111228652311638032e-01
-2.262174996912165170e-01
-2.440291912850796052e-01
-2.706033153600913010e-01
-2.898177149691207322e-01
-2.950875704688457057e-01
-3.021872220702334633e-01
-3.080896338703809079e-01
-3.207037658090229337e-01
-3.307118242703410149e-01
-3.416771663641157142e-01
-3.464821149419862190e-01
-3.424923067942075017e-01
-3.450139240243714767e-01
-3.384043569061304657e-01
-3.286772637437934685e-01
-3.239800782700171800e-01
-3.239951212662106061e-01
-3.418353115198272119e-01
-3.311964138791808065e-01
-3.394441112584871689e-01
-3.261980661626296407e-01
