8.065390904828717350e-04
5.326405427238967497e-03
1.179564113826252550e-02
1.661074269526068362e-02
2.414453053228555676e-02
2.871210535897290514e-02
2.892348378038036433e-02
3.846174747044415337e-02
5.420842024782217272e-02
6.309777297147434183e-02
7.589219485890197348e-02
7.867904362594942136e-02
9.073286408521852309e-02
1.115673561920857565e-01
1.393711971287984741e-01
1.616310272322579178e-01
1.847426812190264001e-01
2.124113360190023059e-01
2.352231947554514480e-01
2.606317737240431143e-01
2.894354521244224543e-01
3.080168844981017173e-01
3.259174462365876934e-01
3.495901317081347992e-01
3.745863933087008601e-01
3.839855120031643310e-01
3.816437689500332686e-01
3.912908702840411368e-01
4.118461990932729688e-01
4.333660472114218010e-01
4.567527710374889582e-01
4.829357865228729452e-01
4.949253572114031274e-01
4.988504158590700288e-01
5.182055287407110189e-01
5.336007945097065441e-01
5.738249018686957248e-01
6.107728374935106341e-01
6.596826366179271428e-01
6.871237787882933379e-01
