9.712924924818900230e-04
-5.364908792523692335e-03
-8.348502824474125089e-03
-1.331366475838748932e-02
-1.877060804268495392e-02
-9.464388535887024653e-03
-1.092332809900114013e-02
-1.589193466307392555e-02
-2.149660242686195558e-02
-2.412187016845734888e-02
-3.229728042036725949e-02
-4.614186516041059172e-02
-5.351681388885651952e-02
-6.274403208155376888e-02
-6.822517443000038206e-02
-7.299018831837145171e-02
-8.332933277442008957e-02
-9.203238895474896708e-02
-9.563266420775846932e-02
-1.083828558613532805e-01
-9.835952186444955891e-02
-9.742807071383481621e-02
-9.701261190054424888e-02
-8.550566079990176704e-02
-8.125751575325920739e-02
-7.267275092613659226e-02
-6.991805182340442293e-02
-6.823140639606890823e-02
-6.608205042057591072e-02
-7.330366534023653735e-02
-6.967250742102067129e-02
-6.556114859492936930e-02
-6.307342610278965367e-02
-4.556666515544520457e-02
-5.045426215235977729e-02
-4.633639183506658987e-02
-3.259199143165005669e-02
-2.436638411297451651e-02
-3.047126171716740828e-02
-3.036045143621208739e-02
