-2.125735076900703378e-03
-2.817707254296308861e-03
-2.327636047055747868e-03
-1.289953201775801903e-02
-1.389026301026348095e-02
-6.273558586862293396e-03
9.414301897564314242e-04
2.759400850240467835e-03
7.528689333720706318e-03
7.972637001316229544e-03
2.905276671208412154e-02
3.739204249936136509e-02
5.000720783881433540e-02
7.251996654683239008e-02
8.498627808767196534e-02
9.235802509825533080e-02
9.926738406542198745e-02
1.076420813271397464e-01
1.054713682868765601e-01
1.017517853156590518e-01
1.001769145814307704e-01
1.071305622074447683e-01
1.051444551559825441e-01
1.217036532827251022e-01
1.363845502100616558e-01
1.501900618023057632e-01
1.626710597438233152e-01
1.743409732229878328e-01
1.748227664007515614e-01
1.697039453353283989e-01
1.801851427518698645e-01
1.869103142842021836e-01
1.949397209153602151e-01
2.052171190175443027e-01
2.143797437627739666e-01
2.427097888372230783e-01
2.684395814188889062e-01
2.804004720773320969e-01
2.988471635409553073e-01
3.276787503463367557e-01
