1.191324342581356844e-03
-3.883354468703359430e-03
-6.092422390860008537e-03
-8.058758724097003778e-03
-4.793204353407532099e-03
2.108883808888606468e-03
1.214221972559386201e-02
1.269110912966482305e-02
8.828322245395269635e-03
1.188318109366974865e-02
2.082021401954108411e-02
9.247830072420980957e-03
4.061363185599020653e-04
-1.083257016558718602e-02
-1.693001812797661002e-02
-2.376834775952829659e-02
-2.525275233354307147e-02
-4.161173664281534595e-02
-5.157440417939369859e-02
-6.249519448060709970e-02
-5.978779698359346778e-02
-7.370399470165693578e-02
-9.375289985052574770e-02
-1.162854124231642999e-01
-1.270603555393620410e-01
-1.460879493082245517e-01
-1.508537251404362678e-01
-1.758442037291814697e-01
-1.950402598889127148e-01
-2.165600582797651552e-01
-2.383289910362464126e-01
-2.592684274786193899e-01
-2.746712211658234315e-01
-3.123885588736328711e-01
-3.113582587676802516e-01
-3.509877034208813140e-01
-3.834855229894174045e-01
-4.190635202632336243e-01
-4.447719034259193793e-01
-4.581116252798324018e-01
