1.046585846417968967e-03
2.343691380243839630e-03
2.289948292683163713e-03
4.248404873686694935e-03
8.893655889726658978e-03
7.874770959432453310e-03
1.615167496220948351e-02
1.077323740218076933e-02
1.969522305198268160e-03
-1.976593672191029414e-03
-4.051726029867097796e-03
-6.942662556888024028e-03
-7.679134671832343884e-03
-1.025150090009390239e-02
-8.813791022697614261e-03
-1.064099713896098434e-02
-1.203208047687098770e-02
-7.744555412961063104e-03
3.785943557898008120e-03
-6.095471882278502736e-03
-8.514253950806960781e-04
-5.211747681920541816e-03
-4.908249318182811641e-03
-8.727490950454353316e-03
-1.640855412048836115e-02
-2.389871867057138249e-02
-6.056994581304877417e-02
-7.867702375484100785e-02
-1.013639466830596747e-01
-9.916873616116106405e-02
-1.135482646957143571e-01
-1.289761478328898536e-01
-1.381706029085762455e-01
-1.491679980667555694e-01
-1.640127126956514303e-01
-1.764947657051038621e-01
-1.877574239956572855e-01
-2.077996904836737768e-01
-2.313147680315722765e-01
-2.845031005432929194e-01
