-3.964829084312171620e-04
-4.341481045550921007e-03
-6.026623315841206537e-03
-6.211138706017749200e-03
-6.070516008821869210e-03
-8.527687161803498492e-03
-2.521583978932540049e-03
5.489440690249125163e-03
5.939990586979604706e-03
1.121562206757715716e-02
6.473463029387005463e-03
3.419963345851329169e-03
3.569885128064242876e-03
9.175286954865668684e-03
4.757193209036359241e-03
6.328461566906184825e-03
4.054133920652703074e-03
8.508044420150896042e-03
2.396151351320838924e-02
3.547206014868890811e-02
4.946841169090987478e-02
6.795726089780203261e-02
8.954910523499962083e-02
1.192496068706475343e-01
1.502678708028071242e-01
1.729935287231000873e-01
2.058171965761715627e-01
2.305756880881261739e-01
2.435378372957188731e-01
2.601713802786150831e-01
2.893553044937363095e-01
3.143016441845133957e-01
3.325640698467680068e-01
3.630227120101124916e-01
3.907005277832752421e-01
4.209603952609001221e-01
4.477824349182696895e-01
4.800640182169388370e-01
5.089891915543830470e-01
5.177678235868171663e-01
