-4.446212222237732887e-05
-1.039143308772239082e-03
-1.572557492346504746e-03
-2.341596732316730736e-03
6.214277016596270458e-05
-1.775144321076993536e-03
5.927686639212481276e-03
1.805399696537790619e-03
9.682898731060162606e-03
3.813160350902933347e-03
1.582724669852524427e-02
1.779793050181268516e-02
2.531135138840028345e-02
3.219246744958183942e-02
4.606068820332324953e-02
5.027550043914175149e-02
5.493050358336688810e-02
6.286616643601802834e-02
7.919674526384312685e-02
9.093411353938166131e-02
9.938779929484553577e-02
1.086890883159327414e-01
1.175846093421370198e-01
1.385617169728931286e-01
1.450805417729298941e-01
1.502761891560908114e-01
1.617798184748608092e-01
1.660322687398007591e-01
1.645512168681818876e-01
1.881915394588020152e-01
1.996585414200183206e-01
2.024334901821987498e-01
2.047693241524086716e-01
1.976594238984915874e-01
2.037957356051407487e-01
2.235679024620282063e-01
2.356689562470023758e-01
2.444690751480692315e-01
2.599846529579054044e-01
2.713551693243800855e-01
