-2.237256827242184443e-04
5.692321241123820749e-03
8.615504630260062413e-03
1.377953505386884069e-02
2.410540015479654269e-02
3.411564903515369729e-02
4.050887272881879830e-02
5.652977479127940796e-02
6.475005549125541215e-02
7.258897423638047131e-02
8.969855314486778475e-02
1.047921237120206656e-01
1.114824037767306181e-01
1.209271653157628634e-01
1.117031420112198220e-01
9.973141763287288186e-02
1.001735302168214048e-01
8.772507771686263722e-02
9.000656401738069134e-02
9.634705254254356810e-02
8.563354002782830321e-02
8.276712075778788757e-02
7.019697440571234792e-02
5.832751758073299875e-02
5.311394990471853678e-02
3.457369030422228345e-02
2.131401909954604504e-02
1.433192044391091644e-02
1.189163565210833370e-02
1.422369856828709046e-03
-1.784458272488507330e-02
-1.824276546936971430e-02
-8.051482085326711405e-03
4.203388186473944535e-03
9.688462801318565437e-03
1.479463898302242272e-02
2.037422700867921183e-02
2.307688077077330036e-02
1.288851358553415663e-02
3.405448313012584410e-02
