5.797753064697985928e-05
-1.217864062656204369e-03
5.331406744712552381e-03
2.673491940275596161e-03
6.677727926476961610e-03
1.483363941704851641e-02
9.996428298468629930e-03
7.958282679756224082e-03
8.272157101374943630e-03
-6.717697549684942433e-03
-6.796047735264209699e-04
1.052937037288614874e-02
1.565751369319627953e-02
1.648280038284610782e-02
1.628735923559929827e-02
2.329520391837434229e-02
3.263292768050689296e-02
3.857595498420778035e-02
5.612609675847579638e-02
3.765630903072576807e-02
4.853978443175321900e-02
4.565455358854535184e-02
5.608488910942810435e-02
4.464468119408877833e-02
3.918869148837415828e-02
3.548339953176195966e-02
5.414293138551329321e-02
7.342464141793811350e-02
9.735805016614165752e-02
1.059985935078771035e-01
1.099767226850474344e-01
1.181118243567567533e-01
1.127715120016318934e-01
1.224607423454642657e-01
1.426829282149299216e-01
1.604750796422422243e-01
1.869778865017281133e-01
1.983074499314824435e-01
2.164426337200438810e-01
2.514405873076611675e-01
