-1.587945943848367847e-04
5.587164615706186055e-03
1.567758600762161197e-02
2.102181323862026968e-02
2.795969720374742382e-02
2.114394544264257617e-02
1.628902947042689536e-02
1.399018488652501412e-02
1.877642964272609877e-02
2.181264773364261986e-02
2.235888272605990323e-02
2.106168744690961603e-02
2.562512964453276393e-02
2.251029508252884101e-02
2.144084251764582019e-02
1.934733946260393939e-02
3.026423368688995266e-02
2.894114972456520579e-02
3.159290444353927974e-02
3.391301392016998761e-02
3.407923852047076846e-02
3.633974367002394679e-02
4.117741378257733231e-02
4.079770505655346685e-02
4.578265696104040494e-02
5.610010696033498195e-02
4.248587075692000781e-02
2.275229519503625328e-02
3.902647420852645242e-03
-1.147159670211976915e-02
-8.364134152833458194e-03
-1.180057265813729862e-02
2.854941943394351082e-03
7.798271708441007095e-03
1.337323012023716728e-03
1.631620086959912827e-02
3.594298663653887338e-02
4.646807537766051155e-02
6.273953949378778538e-02
9.569784992425525716e-02
