3.150872046937802477e-03
7.613377273236210732e-03
1.960089348681464186e-02
4.020307739429256066e-02
5.920764395380828660e-02
8.230119720504802672e-02
1.087283572140179955e-01
1.303042814639923108e-01
1.490868951069998505e-01
1.662531646495338522e-01
1.938531973352041748e-01
2.142305166322074628e-01
2.253008974018058663e-01
2.488206295337107576e-01
2.866380282846307526e-01
3.091383879710349336e-01
3.420241082569475677e-01
3.590274755129030382e-01
3.820152301777369752e-01
4.115159718338986528e-01
4.488479474532994229e-01
4.739960818512116703e-01
5.076696661478934391e-01
5.524007240408707053e-01
5.873782070404303113e-01
6.252013669250431338e-01
6.596812901931429218e-01
6.960637231582381679e-01
7.267707289407041582e-01
7.553844808073648665e-01
7.939772088891288160e-01
8.376600623055224792e-01
8.755861966030125121e-01
9.290459629848897283e-01
9.712998650358514174e-01
1.014704393031536256e+00
1.056804225401353436e+00
1.116927726123555065e+00
1.174471618662821015e+00
1.230876999850602171e+00
