-8.741797434453247185e-04
7.124040165564337734e-04
8.408895801821358602e-05
-2.434365712340991281e-03
1.086892008098771980e-03
8.634989629503309755e-03
1.461117137971257307e-02
1.941517009326645254e-02
2.196438198719619095e-02
3.114389699486252994e-02
5.278773305384305836e-02
6.331651531797603816e-02
6.387340131358598683e-02
5.591722080511658810e-02
5.760773973651396596e-02
5.844637529876593046e-02
6.768482893666885603e-02
7.707956173403829325e-02
9.015310751363188324e-02
8.521874995884673454e-02
7.569506055778560394e-02
6.457640876143955211e-02
5.046235153154157022e-02
4.391999493983007874e-02
3.326124069683374096e-02
2.222405201304979844e-02
6.091551660810523225e-03
-2.649755512396723307e-03
-6.576851868391031704e-03
-1.012346242375485907e-02
-2.009984861315956481e-02
-2.324462062852887881e-02
-3.945114672213776569e-02
-5.052860447081854861e-02
-3.700542314510357755e-02
-5.420768223561651944e-02
-6.471132115745774349e-02
-7.144377063928004923e-02
-8.609873998127000327e-02
-9.312505731195415415e-02
