-9.620057598677788768e-04
-6.543167015638218058e-03
-1.216305395297041445e-02
-1.648445217657226042e-02
-1.807792186506844770e-02
-1.875754290682607461e-02
-3.058461823570581689e-02
-3.738496812763543453e-02
-4.817047131767822343e-02
-4.687221426782030992e-02
-5.690258651689674568e-02
-6.353535450553522701e-02
-7.014971948460697881e-02
-7.534455600419817656e-02
-7.147710297080892006e-02
-7.774977224579515678e-02
-7.696110897729227518e-02
-7.761720240252997782e-02
-7.311774613901037001e-02
-7.194295600960458337e-02
-8.403624575643106609e-02
-9.397494925084685924e-02
-9.452994400940895048e-02
-9.513108961590717449e-02
-1.030808065479078550e-01
-1.027908859791608620e-01
-1.013220658600317847e-01
-9.355433005375175803e-02
-1.051147619328020311e-01
-1.106262599778290168e-01
-1.065983848765682807e-01
-1.154246283084148644e-01
-1.320459722533229296e-01
-1.311603327811440012e-01
-1.401683481636041562e-01
-1.364157940100824418e-01
-1.433440019542501775e-01
-1.118862821712667682e-01
-1.129694103294127672e-01
-1.132120384971301574e-01
