-6.167899414158739329e-04
-1.679098450429705649e-03
-1.454697129565829441e-03
-5.553285056091539218e-03
-6.781580426197563946e-03
-1.152872132259048429e-02
-8.565943750218707811e-03
-7.127826274349047253e-03
-1.618290311127452627e-02
-3.251277363493301070e-02
-4.987900085314720539e-02
-4.430802948845950773e-02
-4.391503251844710437e-02
-4.256108672713310170e-02
-3.771048935256544887e-02
-3.535301772000423032e-02
-4.248643753633416648e-02
-4.290172581335980478e-02
-3.372008626568571976e-02
-2.415778864283595409e-02
-1.381632161165669004e-02
-6.047680290748758559e-04
2.515287782239283929e-03
1.203650419191433160e-02
8.044814700218694617e-03
2.113961238017054642e-02
1.538880139311231757e-02
1.784389232881551310e-02
1.369455032695157150e-02
3.207271098816875249e-02
3.209538280689514661e-02
2.905776819844163583e-02
2.701110434454960865e-02
2.760885306981606530e-02
3.626651819772632596e-02
3.505061390442847091e-02
3.254608766942226200e-02
1.985602046911196655e-02
3.251606390091410330e-03
-7.392574044575894905e-03
