-1.838119396082582568e-03
3.790713520082533705e-03
9.020606517550077905e-03
1.595999071673048775e-02
1.869691196002776223e-02
3.450351223092127523e-02
4.023904264555681898e-02
4.708244924412241517e-02
4.596250210725685154e-02
5.276074322267021444e-02
6.621364207550754777e-02
7.122756969636298563e-02
9.063855922192090575e-02
9.562785518076281910e-02
1.062099322329402157e-01
1.189603084550924506e-01
1.366610976935163646e-01
1.502447852146133189e-01
1.477830166852413529e-01
1.539587219260454276e-01
1.751443541042277674e-01
1.931634374268128285e-01
1.980250984478601484e-01
2.124190631356327741e-01
2.252037491582257189e-01
2.294518085005108898e-01
2.242239427944582586e-01
2.255668642911445032e-01
2.471259825612889816e-01
2.629416206786459043e-01
2.598241463479155078e-01
2.409838774181650989e-01
2.359192683288000580e-01
2.435815356144672705e-01
2.462285774689974005e-01
2.556404484949809097e-01
2.498533489072798375e-01
2.559088146613305303e-01
2.627203644142980243e-01
2.564323089800325528e-01
