2.081920821079386030e-03
3.443444054817135138e-03
5.679815609614990816e-03
1.645386550520626726e-02
3.556046747476813291e-02
4.634863235861104436e-02
5.220461033667334050e-02
6.150709902023976383e-02
6.464106106511025018e-02
7.768217570743303491e-02
8.760097426615373606e-02
8.373343788108940366e-02
8.805273487989637160e-02
9.262914640498820518e-02
8.753155048671316940e-02
9.753991661970076721e-02
1.112858229771575280e-01
1.153313630707572257e-01
1.113229644915975369e-01
1.035849798684353174e-01
9.987701622088707154e-02
9.579298908842873161e-02
8.574172299931888397e-02
8.678387480433968904e-02
9.726534055245963928e-02
9.504737503470153670e-02
9.573568955043469664e-02
8.784158785582577011e-02
8.639372622102996224e-02
7.153978899215758525e-02
7.028945968906157027e-02
5.818517991108933252e-02
5.442967551043409458e-02
6.406712384243462566e-02
4.165439119065865448e-02
1.343840334882031619e-02
4.336280264161019096e-03
-1.217901280641342510e-02
-2.959455965438735278e-02
-3.304351503191469558e-02
