4.436643527647987466e-03
6.872972037395896905e-03
1.018769152208704939e-02
1.061741802372537756e-02
7.451517023614684376e-03
9.117274091892113574e-03
1.627348919792694776e-02
1.684239454009315434e-02
1.624306026953661192e-02
2.469225058505060064e-02
3.047604421924319379e-02
3.686715873048882625e-02
3.350498376717183507e-02
2.893812285803960480e-02
2.169665818981911937e-02
1.992638888747251188e-02
2.154874049804504990e-02
1.852943005143856819e-02
9.913653731436511754e-03
-8.669529725267466781e-04
-5.134216185288665094e-03
-7.245255147998364356e-03
-6.089502362857501967e-03
-8.514669244283368590e-03
-2.711686927634104991e-03
-1.148970385821712712e-03
1.130791964749846591e-02
9.232183946875239383e-03
8.811851040573515786e-03
7.990672601269465519e-03
7.377006144589870473e-02
4.505036644481208441e-02
6.205157816841051777e-02
8.738215214807780462e-02
1.106488992264473836e-01
1.198010064259705104e-01
1.492150423480410326e-01
1.467227800427565454e-01
1.478021757407304848e-01
1.468962636145647593e-01
