-1.796933682555934639e-03
4.058937231653914242e-03
6.607049712548019108e-03
1.205926607616874049e-02
2.372059553077505642e-02
3.506929209992151047e-02
3.265930932068954184e-02
3.931772255835994795e-02
4.094625229176358794e-02
3.686120276021113973e-02
3.602990240251955495e-02
3.737226573357617376e-02
4.472803024194575705e-02
4.698558587288630128e-02
4.461783267723262725e-02
4.281454827728907453e-02
3.849889912054038632e-02
4.125677468367143497e-02
5.595651324132120547e-02
7.848200587333450939e-02
1.007345399478936088e-01
1.167589059676657770e-01
1.263586104644161823e-01
1.445330452190830839e-01
1.488248981920747838e-01
1.580823949001370354e-01
1.691103745789376833e-01
1.869836049383366006e-01
2.077921726595207130e-01
2.253703421393964956e-01
2.584913006583718920e-01
2.915325504331917617e-01
3.099612507329027045e-01
3.291891957718718342e-01
3.524288081085046320e-01
3.670831370821162065e-01
3.912496078002419830e-01
4.267989470848732592e-01
4.517387637506942721e-01
4.807201831254019342e-01
