3.563338910836932882e-04
6.016801663812998066e-03
1.943649695000573135e-02
2.457110429300968235e-02
3.964013313277234968e-02
4.297016327155774029e-02
5.393106402444800690e-02
7.178906833057681347e-02
8.545166565425148242e-02
9.889482463796213374e-02
1.235897597339217641e-01
1.439154735157074927e-01
1.627346482902240210e-01
1.618123659406080495e-01
1.839062366091013812e-01
2.097701026733915231e-01
2.311721198122199949e-01
2.605280470010938876e-01
2.822567595874375113e-01
3.067477881462110645e-01
3.176790611154245991e-01
3.187515124449248338e-01
2.964683646109733672e-01
3.063559148978242663e-01
3.236751402938239375e-01
3.472378119258763829e-01
3.786839731974225853e-01
4.123470295441507005e-01
4.468805609692168557e-01
4.589508754314266525e-01
4.797627847967078085e-01
5.194498978368784492e-01
5.514742688267630921e-01
5.824080026236260199e-01
6.161863947501557970e-01
6.466557580552972917e-01
6.925420213044930495e-01
7.366620265564080006e-01
7.721847788794008460e-01
8.217077052390748815e-01
