-3.205363186520315821e-05
-4.397405199899751330e-03
-9.501909639222105158e-03
-1.164661834675300225e-02
-1.804282897133262578e-02
-1.291873702720494101e-02
-4.283163176856419688e-03
6.207216658184222177e-03
3.004349816264095720e-03
-1.053750195525538034e-03
4.948281315903102842e-03
1.428751271895691878e-02
2.495570665126791571e-02
3.028665903906357926e-02
3.047925607035040230e-02
2.965742060902698540e-02
4.474671270332919448e-02
6.153514845571237540e-02
7.779217517674794080e-02
9.577062903548494432e-02
1.156207118369735609e-01
1.296132085526522926e-01
1.379701479016716692e-01
1.507075032667302139e-01
1.449183690075329933e-01
1.540348040861459766e-01
1.592205447722477574e-01
1.708035544148515383e-01
1.681248171674155911e-01
1.655690728695674296e-01
1.524466071823638857e-01
1.584554233731665929e-01
1.633266006023063599e-01
1.635467590891607759e-01
1.790234479978465854e-01
1.890063133207689761e-01
1.837770184162081932e-01
1.727392458086967619e-01
1.759570138870373002e-01
1.736370716265582814e-01
