1.353310330800106096e-04
-1.879482414708277729e-03
1.865313820719194382e-04
3.584464628112016271e-03
3.902228612005132109e-03
1.718297715355348101e-02
3.154189767275994427e-02
4.321796392664935954e-02
4.895100044165730246e-02
5.628017143491774454e-02
6.704359035920078036e-02
7.985535947619411268e-02
9.350840379924534040e-02
9.828006264935709724e-02
1.100118520165438013e-01
1.148852988382117191e-01
1.231740347173087002e-01
1.190110263869030433e-01
1.140841157578222492e-01
1.170820263487968305e-01
1.192403934224245121e-01
1.224122522623019849e-01
1.205585695891158993e-01
1.090181930217738737e-01
1.242559286828736759e-01
1.264029979648285118e-01
1.398176522849667036e-01
1.529841478387112264e-01
1.707285373620095470e-01
1.928416985739715983e-01
2.209600210336219450e-01
2.444659872668154266e-01
2.554871140912325922e-01
2.790925136087935021e-01
2.984067685232247302e-01
3.304828876116630565e-01
3.579934406637335087e-01
3.822166598388690995e-01
3.993123350675603089e-01
4.094324763455347016e-01
