1.498902468320562108e-03
9.345190692695126700e-03
1.807793709952072378e-02
2.452740819167971084e-02
3.332412355242837798e-02
3.982425334847050635e-02
5.959044154536030646e-02
7.585468482997441420e-02
9.824754683042584424e-02
1.295942720077903343e-01
1.419346477222830916e-01
1.477135172162832022e-01
1.706085256981111908e-01
1.891587819185076569e-01
2.174432308438724593e-01
2.462614707711850426e-01
2.831867138905920234e-01
3.137959377437482544e-01
3.393073492994972407e-01
3.656206685719752270e-01
4.052767768186015251e-01
4.451785589590883663e-01
4.690264761053811182e-01
4.916660968253324659e-01
5.277159328345277789e-01
5.499383535757658148e-01
5.732396698613542174e-01
6.026374744183868870e-01
6.570634167508444534e-01
6.878692780709400045e-01
7.166708109414571259e-01
7.465798111838694018e-01
7.721100746488701594e-01
8.100290918315010691e-01
8.682104817772398064e-01
9.103955474127388703e-01
9.356204646123160718e-01
9.571427727358070570e-01
9.867650013893580763e-01
1.008873070491347335e+00
