4.443869960687507441e-03
1.171835136991710227e-02
1.445378814161983952e-02
2.209622187343001157e-02
2.940456049946291867e-02
3.937181682344643996e-02
4.193538340062587938e-02
4.227884349731283326e-02
3.524177415646221473e-02
3.995137627621829501e-02
4.332166460615383130e-02
4.673146417265172659e-02
9.703168697017758304e-02
5.013181038212621843e-02
3.432134599360381344e-02
3.676933308425702623e-02
3.469229575033807439e-02
4.491574909433211638e-02
3.771906252483745586e-02
3.634656447023019293e-02
2.324123576249235296e-02
1.276537012368237321e-02
1.355862545129866634e-02
1.763230527630526082e-02
1.515857732913161726e-02
2.755492639888643819e-02
3.417062060584328403e-02
4.283965472438069216e-02
4.655505777936923273e-02
5.031579153971392493e-02
6.878658151448462099e-02
6.345885889548696923e-02
7.357938310915131119e-02
7.481836652154641443e-02
8.042421295066617959e-02
9.936131419021307365e-02
1.054035099578129603e-01
1.192818430523516354e-01
1.242561930377519275e-01
1.194482849163819027e-01
