-2.123889809200996039e-03
-1.697669690609160311e-03
-1.863396501851610852e-03
-5.226721385299981301e-03
-7.065796429681370401e-03
-8.978328023295744503e-03
-2.798537668539324841e-03
-3.259656720899783977e-03
-3.976838146132877401e-03
-1.085835925677116655e-02
-3.165208918159123468e-03
-9.010851279867892810e-04
-1.660815824293280368e-02
-1.673745891006035366e-02
-2.058539372069390083e-02
-5.940476471923261843e-03
-8.274037586247118270e-03
-1.549936434653886863e-02
-1.237739720381796429e-02
-1.805494126701034929e-02
-2.081882442688254287e-02
-3.044176251145813694e-02
-4.652003312314434424e-02
-5.827099099817587696e-02
-7.010856024610916115e-02
-9.154165643170131261e-02
-9.070282032499790703e-02
-1.037378575393034935e-01
-1.204521302588545950e-01
-1.446195122492753282e-01
-1.620527830530448798e-01
-1.637803360267042763e-01
-1.656275763600973394e-01
-1.657351958770164058e-01
-1.556326045405626302e-01
-1.697873381763059797e-01
-1.706805708815863909e-01
-1.671945360164926453e-01
-1.802229440914032976e-01
-1.935875161409768563e-01
