5.720138563024334882e-04
4.395253135406562706e-03
3.007119261616253338e-03
-3.885288570216261124e-03
-3.357441343723621685e-03
1.818319420986824709e-03
-5.403995514470238959e-04
-2.196318935446584018e-04
-5.260758397494669052e-03
-1.553309946002912056e-02
-2.703780829542381386e-02
-2.311574177343942577e-02
-2.633873521125167441e-02
-3.828722390590826030e-02
-3.215535180650306440e-02
-2.999533258101507588e-02
-3.235233964748260999e-02
-3.287020224380228506e-02
-1.784181980136452170e-02
-9.364235534499698241e-03
2.748738711727582822e-03
6.435310313491982015e-03
3.024287393381541820e-03
3.392620813323787930e-03
1.829111441797976953e-02
2.241593832853254822e-02
4.086100756565543002e-02
5.592902599568958660e-02
7.377701585551790786e-02
9.809161554784680270e-02
1.263761535999918806e-01
1.345731148080062667e-01
1.430988440704595577e-01
1.566770178932984092e-01
1.705378391916639313e-01
1.744301035843193459e-01
1.837464375473530365e-01
1.936983240597271450e-01
2.125585032536292940e-01
2.242104727520057850e-01
