-1.984282603381615044e-03
-4.146666789165820606e-03
-1.076364100169726647e-02
-1.700635860731196727e-02
-2.249241335455778174e-02
-3.450832500193925373e-02
-3.337143073511441432e-02
-4.360987830629028256e-02
-4.710526019777318968e-02
-6.164903677591411502e-02
-5.752257200531261244e-02
-7.425518091481250749e-02
-8.242625713539553090e-02
-9.864910359283954322e-02
-1.102175293358186592e-01
-1.266189578173992913e-01
-1.245485683496525553e-01
-1.395968504341254801e-01
-1.406402316387015961e-01
-1.569527568479315849e-01
-1.671134186391867726e-01
-2.017789240064757905e-01
-2.242321067592371320e-01
-2.385504754415563866e-01
-2.661096736257121398e-01
-2.731712255732389738e-01
-2.816597055329196908e-01
-2.868360478561186033e-01
-2.896156080013412293e-01
-3.111406098671125053e-01
-3.248672770016554634e-01
-3.387905796188448448e-01
-3.667963106201824752e-01
-3.889735166986014181e-01
-4.168753538400125080e-01
-4.419809319407619341e-01
-4.770268433359944882e-01
-5.093946392833572645e-01
-5.254712800665799488e-01
-5.358770942952020278e-01
