2.649662113386064104e-03
6.984515497206800205e-03
8.735099089097175459e-03
6.152527454274548183e-03
1.231937710809205555e-02
2.195836934163679713e-02
2.880395017321717502e-02
3.960585859938277331e-02
5.389205274492923220e-02
5.971801092288728935e-02
6.559763760292156021e-02
7.164533130774800029e-02
8.175600158979108578e-02
8.583906994817028235e-02
1.002807727702872825e-01
1.125514957481129896e-01
1.247113017459497569e-01
1.339891220128293925e-01
1.527044753579161751e-01
1.613449751924434794e-01
1.700734738047827987e-01
1.573038696223164890e-01
1.586674636816468309e-01
1.653177987143607253e-01
1.854788667588110340e-01
1.950104699350305171e-01
2.005532011108897561e-01
2.015627739922592754e-01
2.117420560372522687e-01
2.058566068983225250e-01
2.094183630227064441e-01
1.924393441788311010e-01
1.869636490750423152e-01
1.637001932979956220e-01
1.429989215707053174e-01
1.320093010719773363e-01
1.170261888983390036e-01
9.973491264175890492e-02
8.331676652134092920e-02
6.976112792989966338e-02
