-1.015647466939828547e-03
-6.406996669686293271e-03
-6.509487562266613910e-03
-8.345686823645337427e-03
-5.360320245721084120e-03
-3.276419814299913556e-03
6.320949487289339924e-04
-7.952514342008498282e-04
-5.601322408048758569e-03
1.645256408848183496e-03
9.520494633370901738e-03
4.187504442160161662e-03
7.463463828676708892e-03
6.920974606595109088e-03
7.681636851549456316e-03
2.850582458572148512e-03
2.803104670348943728e-03
1.501473362619378839e-02
1.358000039249418478e-02
1.845545367455940847e-02
1.093453453302686319e-02
9.925638234619782452e-03
1.859247732642188566e-02
2.000649178090725330e-02
1.547870550114112051e-02
6.263533095184925861e-03
1.240493100962112259e-02
2.207271277214033559e-02
3.034358795724188124e-02
2.558648573490813691e-02
4.047846640219745357e-02
4.595778026108234687e-02
4.365969092306158650e-02
3.578620054558996622e-02
2.948160904249164105e-02
1.045232927146741951e-02
2.275967662413620404e-02
1.305891633667499718e-02
1.538402231833231257e-02
3.777586346203065659e-02
