1.505174840028722328e-03
3.028088240205661745e-03
6.798733589244676870e-03
7.122218387996070640e-03
1.946466422243702324e-02
2.476041899701755117e-02
2.459689000104958723e-02
2.321137251985163491e-02
2.596792161536427487e-02
3.987079813070550788e-02
4.541569477771077029e-02
5.390525307263516197e-02
6.822352209227204589e-02
7.441790541780904378e-02
8.165827650714732600e-02
8.855936515989241975e-02
9.338996127056020669e-02
9.408346740218291593e-02
8.254402145072389785e-02
8.085559671761473333e-02
7.925383866364085761e-02
7.551721292973354038e-02
7.876656209725751978e-02
6.630789470190165402e-02
4.394519997447332571e-02
4.080946898688182778e-02
3.657255072586451661e-02
2.175006382159949680e-02
1.844112209333275201e-02
1.395594863694782362e-02
3.627695735303859692e-03
3.127418929241798824e-03
-2.605331688064893483e-03
-1.405644232930001146e-02
-4.113951551913430649e-02
-5.040919559723420346e-02
-6.353023449670729128e-02
-8.382940635216584724e-02
-9.290967984558733128e-02
-9.176110959578806514e-02
