-7.662399577474943158e-04
-1.975222539856957751e-03
3.030362615084314197e-03
1.127565045483365155e-02
2.088886851584774787e-02
3.012989142509496857e-02
4.171435719811143056e-02
4.653320213506191572e-02
5.667872215153266918e-02
7.372785581996765814e-02
6.974748129648986050e-02
7.967439164159628717e-02
9.008066701777579788e-02
1.060913952887290179e-01
1.125469141182946914e-01
1.254040295131261529e-01
1.413308490638570392e-01
1.547776760250655914e-01
1.746443206672324833e-01
1.835137372299840419e-01
2.025312401164739984e-01
2.213057587909929569e-01
2.415000518148957553e-01
2.607730867525475671e-01
3.100383577709209248e-01
3.295955568786439471e-01
3.495209412122107784e-01
3.726545363349572648e-01
3.818861943624881627e-01
3.380949841867874062e-01
3.436582436574866506e-01
3.605336551644484078e-01
3.886868144641567602e-01
3.932382359167178043e-01
4.085766856171119121e-01
4.293290992065067480e-01
4.443951573880070560e-01
4.603189222537850123e-01
5.007123639756372313e-01
5.099075495186979889e-01
