2.825380963750845353e-03
1.025684387519838411e-02
1.944830696363588490e-02
3.012838027373874322e-02
4.007053892291594088e-02
5.441300615535595714e-02
6.795255534409676279e-02
8.102027769161139481e-02
9.888438468882725096e-02
9.785044794931394008e-02
1.081271718671814597e-01
1.272833720114746880e-01
1.337900299021526906e-01
1.532978075709223731e-01
1.670433370338656742e-01
1.676414862379971282e-01
1.890310682671952347e-01
1.967365144562336354e-01
2.121821883680667098e-01
2.366701853547539258e-01
2.471033177158972194e-01
2.645639922456951010e-01
2.846461523684922779e-01
3.131030643827642512e-01
3.288288510917908303e-01
3.641748228576261459e-01
3.823588879143301478e-01
4.341976873534690862e-01
4.685242296589421929e-01
4.907611766843160694e-01
5.202134932438837733e-01
5.798198727084326043e-01
6.227977153919084241e-01
6.741538346803424009e-01
7.282567733770377583e-01
7.980360904082999252e-01
8.330925297800633178e-01
8.916012964522991302e-01
9.280150593766336442e-01
9.817008472473673919e-01
