-2.886133714034855476e-03
-9.444303906445484023e-03
-9.264797283316639209e-03
-3.167575484678763868e-03
1.077053603656708079e-03
1.245876144039925856e-04
-2.231149099522156121e-03
-1.066523716762333117e-02
-1.608433577202959125e-02
-2.648556507960080422e-02
-3.846792323524681617e-02
-6.152430477442862727e-02
-8.358249342398238468e-02
-1.000202473112267454e-01
-1.232150525991784207e-01
-1.443884016694880756e-01
-1.631663009290434674e-01
-1.832554592351726686e-01
-2.071426880258542269e-01
-2.359304809527458247e-01
-2.427753211096046471e-01
-2.679786017170442958e-01
-2.891700973784395723e-01
-3.092849780918783265e-01
-3.416091843929336958e-01
-3.590266102563021144e-01
-3.785521151021924990e-01
-3.982961447933632826e-01
-4.120829890315633182e-01
-4.211088683874010252e-01
-4.455797471645610019e-01
-4.547169667261840575e-01
-4.622974371869844612e-01
-4.657524600439558182e-01
-4.734941561493059003e-01
-5.019193960794211540e-01
-5.199527573353975862e-01
-5.307096578683967447e-01
-5.375318546506463457e-01
-5.373419726828985166e-01
