2.922883929099118205e-03
-2.952135667467103877e-04
1.074610455561142344e-03
6.419169374030531117e-03
1.712499478926758981e-02
2.526960508512203843e-02
3.544842147120164100e-02
2.848116306344366036e-02
3.180775015720911647e-02
3.471737604708238084e-02
3.974682519874050968e-02
5.060258782152686485e-02
7.491992536483849108e-02
8.886436717037185518e-02
1.023286483549981085e-01
1.018455190527873810e-01
1.087207091033604855e-01
1.357818319730796364e-01
1.484977210196831154e-01
1.628946001706566560e-01
1.649406484417710317e-01
1.779414562007048117e-01
1.830346248588739511e-01
1.979060973821333280e-01
2.064737085110578962e-01
2.232844398772328987e-01
2.278237780152494452e-01
2.161074722973182760e-01
2.260803255051797578e-01
2.466002562851514202e-01
2.700484571090214780e-01
2.673338209502474916e-01
2.818736217394331445e-01
2.722620063547992464e-01
2.881308207333176941e-01
3.116791430298604948e-01
3.142411033520062236e-01
3.188726373353659715e-01
3.157526776601855545e-01
3.270121450844385436e-01
