-1.231665980745777402e-03
5.684763299067441614e-03
1.038287060099634188e-02
1.684528526303452622e-02
2.367892285719577078e-02
1.838206250711777942e-02
2.268823189443622962e-02
3.639287067461509373e-02
4.529011625383105866e-02
5.458543551886237133e-02
6.067404997500176755e-02
7.749953168437287432e-02
9.768671293547726009e-02
1.126496654530939195e-01
1.239307584005644031e-01
1.341689061358891932e-01
1.477977286944650304e-01
1.607209464274007016e-01
1.786270357729989600e-01
1.806338713822839281e-01
2.000104637052288470e-01
1.942028111841068438e-01
2.006238070196616208e-01
2.071833030600629399e-01
2.219452831839248685e-01
2.497721893087543887e-01
2.513257968201855763e-01
2.700476622451475350e-01
2.955394918962724882e-01
3.038179754500959229e-01
3.495440781940374331e-01
3.695336599141228473e-01
3.965336723018254017e-01
4.406339434101084751e-01
4.540814937720455413e-01
4.712401017991822982e-01
4.989807636534436819e-01
5.188391545171271435e-01
5.312558375194782467e-01
5.544220410115684450e-01
