2.520598889367597992e-03
1.013579084648199603e-02
1.255573553481319563e-02
2.066495214325598725e-02
2.942174482312154282e-02
3.986932624902195244e-02
4.432576702898387289e-02
5.784656384921191968e-02
6.896949272471175618e-02
7.456404173748296116e-02
7.724047902592304227e-02
9.651059426938388142e-02
1.046651276229823707e-01
1.120711024229876784e-01
1.250631130010674552e-01
1.474582690587652734e-01
1.586394060712336684e-01
1.780829489887196249e-01
1.938832475893264018e-01
2.463579331281351981e-01
2.052565575358130390e-01
2.188826073103399550e-01
2.227931384511208646e-01
2.189330315861042209e-01
2.200996186503914598e-01
2.020313631621832029e-01
1.935205515936616050e-01
1.921757398206352663e-01
1.970834216386777027e-01
1.869483234701249386e-01
1.797677793820270098e-01
1.681314127355960919e-01
1.770471384515616420e-01
1.804610848638844856e-01
1.664978105832858601e-01
1.575347080427974278e-01
1.415516957170723233e-01
1.152440507825133464e-01
1.194979464581109596e-01
1.198343842981898916e-01
