3.936305288453567858e-04
4.342106255730726508e-04
3.275000406557637515e-03
-3.215142123359271192e-04
1.556954879239214138e-03
-3.856808071600425873e-03
-1.185000957330544294e-02
-8.525429596672040936e-03
-1.294585698116037555e-02
-9.242460591505619744e-03
-9.302560154779371260e-03
-1.703104564152368994e-02
-3.434409185031341710e-02
-4.096232108487640744e-02
-5.422715616588789228e-02
-4.524417219555516845e-02
-6.104722162617406273e-02
-6.243787958931079629e-02
-7.085006025402265650e-02
-7.419046878008828116e-02
-8.396186917289867602e-02
-9.148409890846664894e-02
-1.043257431124914036e-01
-1.005279264294898639e-01
-1.166165983936821304e-01
-1.279338172802766960e-01
-1.363373508297570369e-01
-1.595890248249872967e-01
-1.837579995836904345e-01
-1.785092907216125069e-01
-1.749725762568971332e-01
-1.913303996594749035e-01
-2.043606847807353799e-01
-2.149777823477933281e-01
-2.083719556035873721e-01
-1.986220824050263789e-01
-1.665751058221019432e-01
-1.615495276421455573e-01
-1.657780334465400185e-01
-1.564297047253574990e-01
