8.691330195497393380e-04
7.101573955647921821e-05
1.015676537569731836e-04
6.728563025858847087e-03
1.067170059416753213e-02
1.748796413195918831e-02
2.638876784925372337e-02
3.589517482776756474e-02
3.872313632629129782e-02
5.131221818303401822e-02
6.335754704647059143e-02
7.375588241975634951e-02
8.792335862199536500e-02
9.573150570031999096e-02
1.251430822342371185e-01
1.491648116854889794e-01
1.666423321935241175e-01
1.718022018448806532e-01
1.802928064003339048e-01
1.948046481044883593e-01
2.160885463395743611e-01
2.233163813245823692e-01
2.307392391836657342e-01
2.491407391143724281e-01
2.583760652928759893e-01
2.725824093058662467e-01
3.078842714690893101e-01
3.208498335963184678e-01
3.474205863309521303e-01
3.817151509236396123e-01
4.048421750041512612e-01
4.199630951215169716e-01
4.504667829320396777e-01
4.582490066582323718e-01
4.825955690922285046e-01
5.159694434147524822e-01
5.355435798457819363e-01
5.735265541582605930e-01
6.007349738704419462e-01
6.245198431165362996e-01
