4.884181812437659925e-04
3.823773394562835024e-03
8.181387299726594273e-03
1.308942597016340449e-02
1.898414070789229344e-02
2.416963641704441418e-02
2.412918930720451410e-02
2.419416724419107961e-02
2.794854725305384591e-02
2.777633608953209571e-02
2.678656923257562855e-02
2.317182935735218052e-02
3.328145471120223103e-02
2.672179819323900959e-02
3.526478314089444982e-02
3.871397969439840242e-02
5.042389765721395911e-02
5.684073407927883043e-02
7.583147999288826491e-02
9.772435597984099886e-02
1.341634647885228959e-01
1.514330820077873230e-01
1.687947371113324435e-01
1.885340974410098513e-01
2.254638432322849384e-01
2.460069888046888253e-01
2.579708177630692378e-01
2.618404566158375468e-01
3.066491934906906414e-01
3.184053793468308302e-01
3.497986686232451570e-01
3.848990039732654855e-01
4.022737694940161646e-01
4.164538116772035781e-01
4.230216979932862609e-01
4.339803105261495486e-01
4.424733696026209029e-01
4.489410198718672973e-01
4.428276726193814961e-01
4.677190096724984647e-01
