-4.449029115368841394e-03
-8.588677417878543691e-03
-1.018167435224732673e-02
-1.932124072901118123e-02
-3.622967738907263702e-02
-4.801612878756742614e-02
-6.035249426680593110e-02
-7.524818112610205667e-02
-9.308316130577906633e-02
-1.047942505081579101e-01
-1.235081257640558705e-01
-1.329935060910671096e-01
-1.387979785219414508e-01
-1.480250785641089861e-01
-1.695619826874889269e-01
-1.954750128355612904e-01
-2.217614107634688081e-01
-2.483701410845725321e-01
-2.667122866519776037e-01
-2.682700849387202879e-01
-2.803809523783939994e-01
-2.951173517660493073e-01
-3.102129375633154718e-01
-3.174964437749110968e-01
-3.285895595326337459e-01
-3.447661363192139339e-01
-3.480817951310882785e-01
-3.544068101764878409e-01
-3.632684219381587809e-01
-3.840729156324641513e-01
-4.078052236695384747e-01
-4.260302958282465857e-01
-4.221603339285365797e-01
-4.328522535404403238e-01
-4.368898472588227944e-01
-4.504662058027975036e-01
-4.675989968023969712e-01
-4.935307784054799862e-01
-5.140450973219600206e-01
-5.321342730414642119e-01
