1.512972782840904583e-04
5.734661925515637925e-04
2.535853977823876362e-03
8.357024256368106654e-03
8.074875131146085766e-03
1.404417360545551219e-02
1.075941064937353461e-02
1.248099394627928335e-02
1.551227286110048488e-02
3.786363277853581344e-02
4.320668918792876234e-02
5.129392655507700877e-02
4.918561313678963820e-02
4.790136788862468797e-02
5.169135809721012859e-02
5.398777393645275147e-02
5.992240769463137717e-02
5.398245130682823717e-02
4.403846978803187262e-02
2.791869668217259598e-02
3.578707614676375492e-02
4.274200560850829195e-02
3.533556315022678973e-02
2.883102239050288132e-02
3.368877017262832119e-02
2.229334477786437674e-02
2.425131857001758956e-02
-5.299122729161354420e-03
-2.872360549778818408e-03
-1.589483404131897260e-02
-3.565030199226555674e-02
-4.473848807635647656e-02
-5.612240050422769716e-02
-4.523294950226386391e-02
-5.279132863141455800e-02
-6.011113337519589234e-02
-5.622503975060055836e-02
-4.787662931050533366e-02
-4.936803494367723172e-02
-3.929489482936787681e-02
