-1.387032835641655113e-03
-4.066788069141224864e-03
-8.641647626458848902e-03
-6.921569052445164343e-03
-1.732876312001252472e-03
-6.532436407454156324e-03
-4.598419574459455990e-03
-1.053856262115147012e-02
-7.101878344668932988e-03
-5.252864001892021580e-03
-8.148175391697520462e-03
7.728294186338757928e-03
2.016478550755351762e-02
2.295348709339179935e-02
2.934910192732047632e-02
2.949089324844180598e-02
4.917247882038679879e-02
5.823414521640017660e-02
6.847330671298834659e-02
2.771069107750463376e-02
3.795088954412051407e-02
5.023554861445802405e-02
7.736771909886215604e-02
9.298514140247959858e-02
1.279161564690753095e-01
1.440727118483778324e-01
1.758388925041657613e-01
2.063376139668378073e-01
2.304019661851612055e-01
2.625926133867949597e-01
2.940322014588048205e-01
3.411024557750437225e-01
3.901068129116908034e-01
4.219387522304401950e-01
4.445289800573675731e-01
4.878162478711004502e-01
5.304971940951048737e-01
5.897429920891937849e-01
6.484453605140145793e-01
6.984245716964749828e-01
