8.104683375158572560e-05
-1.258086603330355133e-03
-3.849357137671205464e-03
-9.316726603417891175e-03
-1.342177302842912853e-02
-6.227531416357834186e-03
-6.169704030659773145e-03
4.858551346988804025e-03
1.036205177878315488e-02
1.405357708228507398e-02
1.743088714667635417e-02
2.131636207387543891e-02
1.393367402535545738e-02
9.532219421248554897e-03
3.126401603131512188e-03
-6.312972275208039545e-03
-9.953102706018058382e-03
-8.957935379592640510e-03
-6.237320911208143852e-03
-1.961261702644208002e-02
-2.093161678500052997e-02
-3.437366053113919545e-02
-4.251463922820448993e-02
-3.477355611582311212e-02
-2.526851164873562469e-02
-2.760550328505075729e-02
-4.068903281502116165e-02
-4.926404142856313090e-02
-5.569516681763388849e-02
-6.494587611635438407e-02
-6.830712983170314501e-02
-6.529488127665672437e-02
-5.720971271557573345e-02
-6.101394506297310588e-02
-6.081536059105872166e-02
-6.020434506566800514e-02
-4.199228143081654846e-02
-4.190416921046278415e-02
-3.403864666919957649e-02
-3.345773404224132441e-02
