-3.154315088368875135e-03
-6.115022715852092353e-03
-6.021510548981012442e-03
-8.142399826989787232e-03
-8.270832900753078559e-03
-1.030559750609825152e-02
-6.532759809165611213e-03
-6.454939492270739612e-03
-3.073995216124103362e-03
3.399022230674120237e-03
6.147775225343821365e-04
-4.136269166488659374e-03
-3.106581942000730210e-03
1.060633508427883884e-02
2.334608455625755002e-02
2.772855858505351989e-02
3.738544132771721984e-02
4.707156732265786736e-02
4.640684755402446626e-02
3.230175989870361086e-02
2.540888031474537387e-02
2.581383217681718772e-02
8.269527059982805656e-03
1.171961830122256708e-02
2.321363512104994767e-02
6.440921226604246277e-03
-3.818098525763957782e-03
8.530049825168362077e-03
-2.783770310639965655e-03
-1.822523474111221661e-02
-1.831008213503082516e-02
-1.595134695190267987e-02
1.398940888287825146e-02
3.333089974441918318e-02
4.332531228448033289e-02
5.867971082578549158e-02
6.656298454037426482e-02
9.548561503540042850e-02
1.230689426641816964e-01
1.393666268758750049e-01
