2.467775977879149794e-03
5.820901780579035290e-03
1.468740818287237425e-02
2.594928923716111058e-02
3.563847455365021233e-02
4.024630231362067573e-02
4.849432896369307994e-02
4.867103385446682612e-02
4.967297346618550907e-02
5.970168831623681033e-02
6.760546377015970443e-02
7.584754880718946879e-02
8.905501454978406728e-02
8.697327955320872939e-02
1.355434128493414048e-01
7.632032519577762464e-02
7.826271679545300508e-02
7.853284410606989341e-02
1.385699150528665879e-01
1.000091174393816090e-01
9.647724711326759184e-02
1.054788241496481815e-01
1.216976350260409873e-01
1.183533054341609214e-01
1.231647172546303237e-01
1.347662509490049898e-01
1.452009254244757130e-01
1.548396407959984344e-01
1.720381738607812960e-01
1.760816555017981899e-01
1.793785555647900709e-01
2.089633622818382608e-01
2.376545707278836517e-01
2.602586360383355446e-01
2.945835358124867520e-01
3.309723343143275431e-01
3.714383259307538765e-01
3.980975248881037376e-01
4.173162864872324573e-01
4.371479805908279337e-01
