-4.091811060364492045e-04
2.990918630854366538e-03
1.149434528664379160e-02
1.580544712254550177e-02
2.972444751385410269e-02
3.702087036245700624e-02
3.801288791860742144e-02
5.124649952460345187e-02
6.554689579325553850e-02
7.214788689573339853e-02
7.450146966814089056e-02
7.323437464398097063e-02
6.884955992907464128e-02
6.904583665070163079e-02
7.252566877569392723e-02
7.905891292307387630e-02
6.886055504424178075e-02
6.986329118680600914e-02
6.156995679974101854e-02
3.515195923610577033e-02
2.794648461269844120e-02
1.861485853503097587e-02
7.286543858754157338e-04
-4.969746519714135155e-03
-1.345258608652954990e-02
-2.320158465953454582e-02
-3.226356191655099792e-02
-4.455664208796576709e-02
-6.008791794153865023e-02
-5.982996541698355764e-02
-5.292677228280524837e-02
-5.062981994581718798e-02
-5.919003377659919074e-02
-4.420714789568478548e-02
-4.614854869633120554e-02
-4.585236062418118763e-02
-6.527889645980167188e-02
-7.374454875994444769e-02
-7.047581168660030371e-02
-8.298585425156375373e-02
