2.109952150645355519e-04
1.000529986196596610e-03
-5.289826847570111394e-03
-7.526224004228509665e-03
-1.177360109072864668e-02
-2.254747964039083286e-02
-2.766244909181097070e-02
-3.418252904171055484e-02
-4.832025733470146633e-02
-7.333278926039099588e-02
-7.781539124625994064e-02
-8.549423252133721285e-02
-9.125808570994706215e-02
-9.774348763593536382e-02
-1.110211248013939639e-01
-1.230814197937490917e-01
-1.253631773771047564e-01
-1.233218155297549912e-01
-1.101779428922242260e-01
-1.067290565841972211e-01
-9.910404078855492016e-02
-1.003886385534798337e-01
-1.186796981495348291e-01
-1.088119596843370174e-01
-1.084768233056507825e-01
-9.721493332944816657e-02
-9.350602004754762775e-02
-6.775617325650955258e-02
-6.476523719236126908e-02
-4.987583990158270947e-02
-4.493885780271682229e-02
-2.161767867217747469e-02
-2.085932365614269132e-02
2.148646067158211000e-03
1.009558990741368269e-02
2.070061758704468818e-02
3.175524995380100968e-02
2.696204576925822355e-02
2.714265989943669480e-02
2.937449921570305447e-02
