3.779449291586622732e-03
1.059218831443864417e-02
2.089940604321149920e-02
3.633236605953626963e-02
5.326853684478934092e-02
7.100005311837805089e-02
7.910228075736683295e-02
8.497649421555593385e-02
9.970492031103361796e-02
1.180818321526146547e-01
1.269875535848029868e-01
1.469933736894418475e-01
1.562538736910895065e-01
1.659855605054900707e-01
1.826637926152301361e-01
1.922138856350102398e-01
2.025993201484510564e-01
2.105938067869686792e-01
2.185511196381810239e-01
2.202781989274740226e-01
2.171940162988988676e-01
2.250170318397493874e-01
2.358139175506039353e-01
2.523862142471671177e-01
2.561100905664403515e-01
2.616783015581091720e-01
2.618380196217799383e-01
2.564926266621540552e-01
2.580017773013480453e-01
2.477957487625644661e-01
2.463656784801514787e-01
2.418667501341104642e-01
2.388365408648411292e-01
2.237635676904346782e-01
1.999044086908895734e-01
1.814156734466053078e-01
1.717364333687868283e-01
1.478662596624417402e-01
1.207168541398772332e-01
1.130173734962397758e-01
