-1.031082160784180192e-04
3.042514858593037448e-03
1.084563230082764493e-02
1.562399688481548241e-02
2.068359463692672623e-02
1.783332542038564700e-02
2.562609822166877008e-02
2.697403727953116143e-02
3.972346826276122733e-02
5.766879087252761021e-02
6.060041314583060335e-02
6.240753776723551027e-02
5.309295824861663682e-02
6.587175644750971337e-02
7.690109495472655099e-02
8.138314471709122422e-02
9.923572991382059727e-02
1.087658327122284219e-01
1.169272531538552984e-01
1.399209340726031425e-01
1.546217096462612628e-01
1.838179904049496716e-01
2.045029956036103214e-01
2.094269757603996196e-01
2.237569955692379209e-01
2.399705415477029757e-01
2.381760683035167858e-01
2.552822354838156227e-01
2.702366711960649814e-01
2.790995810595177096e-01
2.838486233065367625e-01
2.910778876521789016e-01
2.915716804927541150e-01
3.073890124367721910e-01
3.139349759050872879e-01
3.160338568500918877e-01
3.076554081947392438e-01
3.029846502718072654e-01
3.111672065671825527e-01
3.162308278271723228e-01
