-1.043694456028188043e-03
5.503347163795524601e-05
-2.927748410872155291e-03
-3.426771824987184800e-03
-4.479114672371764354e-03
-6.655917601987937707e-03
-5.161531702154320382e-03
-5.657335312903910562e-03
2.624465528904806975e-03
8.880765415396752252e-03
2.181624139726352427e-02
3.061670320142155857e-02
3.751907889657388889e-02
4.575322263579550963e-02
4.442955273002269223e-02
5.581258672730769060e-02
4.984295947786279019e-02
4.702582749031876397e-02
5.651362266869455059e-02
4.382663390946674870e-02
3.287690613737481726e-02
2.742855455896631156e-02
1.413159224406967951e-02
4.351160185663616176e-03
4.420716859320350869e-03
9.042210206652611867e-03
2.008710965741897919e-02
2.237729139901887404e-02
1.705380743203477323e-02
2.042673745188778797e-02
2.603898666974941919e-02
2.632593624425681039e-02
4.873073560544582961e-02
7.548470023751292779e-02
8.029467653630603663e-02
8.023643642930267106e-02
8.530984860335025233e-02
9.708181257737465153e-02
8.789288510512278940e-02
1.002559941912807007e-01
