1.118446155797592266e-04
4.822323861728960645e-03
5.246864680439955637e-03
5.513671865607960680e-03
-1.751181781370547783e-03
6.756925560132032334e-03
1.413722650059696592e-02
5.797069451662651036e-03
2.635222952862648158e-03
4.967263043229763926e-03
7.454704280387147892e-03
1.820378799146737947e-02
7.320525765687904696e-02
2.424139255963950884e-02
7.383802135152847668e-02
2.487936490676077167e-02
4.661291619034386990e-02
3.682404935806857932e-02
3.526646881355475355e-02
3.471755691411715361e-02
4.879003539185759741e-02
4.252676857152835194e-02
4.836992436429454756e-02
6.114549228207692699e-02
5.922495725326086535e-02
5.985244965862364375e-02
6.682928495688145176e-02
7.438197312594070632e-02
9.432752163648103205e-02
1.032452011179202656e-01
1.095968692146243456e-01
1.212130377569707179e-01
1.163353685376392888e-01
1.323690103913463534e-01
1.210164389596315032e-01
1.203561458320223237e-01
1.162379640474256320e-01
1.253277774496382446e-01
1.353130194655477736e-01
1.358678674573667311e-01
