3.042619098368781749e-03
2.140408764046597585e-03
7.187481587058996806e-03
1.380145744057870161e-02
3.391359534946971482e-02
4.030604150747336967e-02
5.038388285202586442e-02
5.743309231872899268e-02
6.918184096125941374e-02
7.443605885747928141e-02
7.983885227630907466e-02
8.216276916677145437e-02
9.004161236424153281e-02
1.011751245572469343e-01
1.109918569845092379e-01
1.249579147180895633e-01
1.351239645302967918e-01
1.403123209675442296e-01
1.434375568081861785e-01
1.517394216000070573e-01
1.469383801838461123e-01
1.515641358125037752e-01
1.583470483742416834e-01
1.606611203110219210e-01
1.679835898865832122e-01
1.816773850249575051e-01
1.786540051910009141e-01
1.954889099135556363e-01
2.187877830209799812e-01
2.385990902678514769e-01
2.584981418450411073e-01
2.752246114633464802e-01
2.913376519744929061e-01
2.950733726370003973e-01
2.984704507878774282e-01
3.150889257471277682e-01
3.369040554710352464e-01
3.693366635872422643e-01
3.831509590217564432e-01
4.026896929657027835e-01
