2.302877847028028495e-03
7.031114800749804772e-03
1.149005914677232384e-02
1.122030002856604439e-02
1.583765531067271581e-02
1.212731547375227661e-02
1.032014955490154727e-02
1.483890443597743990e-02
1.376067490221117781e-02
2.724844025383248505e-02
3.588778281050934715e-02
4.245827604328979848e-02
6.027099735470216324e-02
7.701366813016932711e-02
9.285436194893748052e-02
1.111396909542207850e-01
1.358074068975128057e-01
1.631353431989794045e-01
1.793167865236142688e-01
1.928883071192444842e-01
2.142390332359781213e-01
2.269649143392172275e-01
2.250546689805816014e-01
2.269443647573609613e-01
2.341919529075767170e-01
2.378894784377053040e-01
2.754456778746430246e-01
2.998314740806733991e-01
3.263327086529983490e-01
3.450919475060800212e-01
3.595310703608731728e-01
3.630553239906731955e-01
3.701563383314209199e-01
3.765641765766048477e-01
4.366019714408054253e-01
4.080941118518126021e-01
4.199852894437953177e-01
4.480839811355536995e-01
4.759303623295693120e-01
5.213955363790830910e-01
