-8.947617086511705075e-04
-9.634234361755034115e-05
6.105202422212840756e-03
1.575031671876416656e-02
2.674390110666209283e-02
3.719868267828872060e-02
3.655282454259208003e-02
4.100664290657363154e-02
4.788109037628203446e-02
5.584892494564001886e-02
5.536359810975000073e-02
6.141237760379851529e-02
6.413937299710710527e-02
7.956713918668753549e-02
8.581556103953573433e-02
9.434504480410907390e-02
1.005797485447033068e-01
9.490712505561589574e-02
1.002475909578322416e-01
7.951365199135693174e-02
8.594842193160161237e-02
7.897356326766384604e-02
9.370044338616309587e-02
8.637284160004128630e-02
7.899737194735508006e-02
7.835563610135523605e-02
7.223976819539075500e-02
6.947255584595098121e-02
8.557350199026245163e-02
8.919443695132542316e-02
8.485820212774228266e-02
7.949054500638226550e-02
6.782837494591262284e-02
6.253161422147571202e-02
6.910780283267854707e-02
7.476973031398301273e-02
7.719722662843367389e-02
7.884082124795384339e-02
7.360333643471221599e-02
7.947508090399821312e-02
