1.216572374931690261e-03
-1.332278477915238525e-03
-2.987819610164521404e-03
-7.718774863390365573e-03
-1.317820753639011890e-02
-2.485072075530680991e-02
-9.919897508530084798e-03
-4.811176746558487247e-03
5.371288366120552382e-04
6.627853259966229316e-02
2.707348480118127940e-02
2.721849194698790914e-02
2.724851014534408408e-02
3.069303285572857337e-02
4.524471336093256746e-02
6.378865645356768255e-02
6.441549824904768684e-02
6.525030717009769332e-02
7.695650440993233310e-02
9.362609907312276214e-02
9.884056053979577150e-02
1.103448790016415132e-01
1.226254308497601586e-01
1.260943621860661779e-01
1.286465428100370956e-01
1.446760278555331014e-01
1.549986746052553488e-01
1.720126944795481450e-01
1.782175974222837966e-01
1.710146449936075785e-01
1.777293751144753686e-01
1.712026053738128495e-01
1.622731458882782363e-01
1.555155405436750016e-01
1.519184505207960001e-01
1.542836761905363174e-01
1.679366052918993546e-01
1.721345174118823762e-01
1.762075684806347908e-01
1.681402161600146772e-01
