-9.312907254872548890e-04
-2.735113615335649142e-03
-5.627436206650316200e-03
-5.937248074744161386e-03
-5.066333312378645641e-03
-7.896118238556227437e-03
-6.577013499209272487e-03
-6.761736125660888774e-03
-3.708071865709428039e-03
-1.622588465743035613e-03
5.179829489807730343e-03
1.970911785677742500e-02
3.259697547750306512e-02
4.181869497219566079e-02
4.285120352757303130e-02
6.641096904020002412e-02
6.994703739718773072e-02
8.454434473495667235e-02
8.619938428391833718e-02
8.605295743828378363e-02
1.011041375301204026e-01
1.104798527348435783e-01
1.261322181262727327e-01
1.393307590786605488e-01
1.490700301592681742e-01
1.463477847042668201e-01
1.471687629593617375e-01
1.597163923427444843e-01
1.887228130106166080e-01
1.986007170806317335e-01
2.140641042116726567e-01
2.224611619934563633e-01
2.380352551016244322e-01
2.516596358463744076e-01
2.620630822535957583e-01
2.611400401235272062e-01
2.573267373895845589e-01
2.812857714647037932e-01
2.777244583246784027e-01
2.810098621537292507e-01
