3.908808721097667416e-03
3.651863999225568591e-03
8.736275476024957243e-03
1.433964078170220022e-02
1.952688457195392996e-02
2.583293937530584117e-02
2.726093247259200186e-02
3.214467372154672375e-02
4.278959271461957314e-02
5.156761986221738286e-02
5.970031483361850494e-02
7.607628193115231752e-02
8.473751265290445367e-02
1.013501507451678718e-01
1.182057883690987438e-01
1.358882576231508210e-01
1.638417128405791345e-01
1.752124952761903443e-01
1.963769099217444192e-01
2.092506602673608884e-01
2.128215752413837036e-01
2.305577993613781018e-01
2.365385629316591465e-01
2.366173344601122663e-01
2.390380564639400518e-01
2.426540768018980998e-01
2.335431530135934908e-01
2.343255850647125160e-01
2.360994969076585792e-01
2.458447667940958925e-01
2.591146377976798476e-01
2.618041919797661765e-01
2.656486172361695597e-01
2.642378004014488968e-01
2.840150136740590137e-01
2.772953744429912382e-01
2.815115085912026638e-01
2.845104713838025878e-01
2.736008962910375653e-01
2.694882101618930048e-01
