-3.490124683463768701e-04
-2.286552052256851479e-03
-6.664354078469614424e-03
-4.019099558279037518e-03
-1.438480684245178019e-02
-1.974889459968665051e-02
-2.447491234163408011e-02
-1.933155654592439918e-02
-1.985474407800325025e-02
-2.627654039201985509e-02
-2.299933729328529353e-02
-1.283635172036952030e-02
-5.850512475498703333e-03
6.325285094715127170e-03
2.802055391492785930e-02
4.949624808470218934e-02
7.352883310443018849e-02
9.570718800244719382e-02
1.235900830592015637e-01
1.431138547638567959e-01
1.687236588440583773e-01
1.884389366088214390e-01
1.979755036474983854e-01
2.168974327810588021e-01
2.313390337324079948e-01
2.604441258803973369e-01
2.874865376326510846e-01
3.149123453348664503e-01
3.504830878613944267e-01
3.787114727136809966e-01
4.180569159895384246e-01
4.332323170453719063e-01
4.644565196354193404e-01
4.704052263269545842e-01
4.967148772873201668e-01
5.282603205696687620e-01
5.650519780216314292e-01
5.666989539333002757e-01
5.804407133951230424e-01
6.021931050540046959e-01
