2.442204729620200965e-03
5.250776195405393657e-03
1.192316132508679585e-02
1.638913849091423389e-02
1.037961689655517682e-02
1.090584073405196329e-02
1.414161662565049937e-02
1.685220693370723805e-02
1.390048695672589998e-02
2.793462652203544325e-02
4.023185261700205906e-02
5.308858742465645542e-02
4.800021345723166910e-02
5.255699326422984263e-02
5.294624265588367823e-02
5.386135524477993208e-02
5.955511797104406924e-02
6.641597105282529001e-02
8.176364553450241046e-02
7.829237777134494258e-02
8.014413991807316229e-02
9.102710916601211566e-02
1.152930291661334594e-01
1.270501011373056655e-01
1.362107497801730571e-01
1.489413843004541715e-01
1.510260648416760776e-01
1.557393540783977015e-01
1.682187737636723912e-01
1.700952773484402658e-01
1.802809406260877378e-01
1.830104598428619056e-01
1.884715542050344195e-01
1.921173277536922797e-01
1.947345217305979648e-01
1.911058462738054742e-01
1.680141371434387965e-01
1.646024791196282477e-01
1.503025769449038707e-01
1.597716434694632370e-01
