3.580069418839837338e-03
5.315301349659762656e-03
1.024974735724342237e-02
1.680583624099796225e-02
1.824120644366260605e-02
2.340663903672535184e-02
2.531715224126003180e-02
2.333233420894913548e-02
2.383355777060387412e-02
1.983070054310900193e-02
1.816817039707103662e-02
2.180088300910654198e-02
1.688021834202402260e-02
2.382929882234065960e-02
3.745198509689089128e-02
4.363234473921408924e-02
4.681289289831340461e-02
5.534738988943956745e-02
6.050136209379388536e-02
5.195815867766669094e-02
6.842307405658801245e-02
7.094508097439131133e-02
8.463732775983601186e-02
8.419245551897062974e-02
7.254782687176089540e-02
9.555273510364940825e-02
1.005827207287325054e-01
1.150313649131703697e-01
1.322789553054434519e-01
1.358064414626397876e-01
1.570702004475492686e-01
1.625890618186247027e-01
1.743479018943872860e-01
1.904636961466280864e-01
2.089375160061990866e-01
2.175739129999101351e-01
2.386457182838398750e-01
2.609709506218990671e-01
2.734808718608235378e-01
2.930982696246985375e-01
