1.947362186677192809e-03
7.306914626316896207e-03
1.995193605710099405e-03
7.747265474569786821e-03
7.611074433135911477e-03
1.348014139422915036e-02
2.061794165152406461e-02
3.284531054225255098e-02
2.835136644389848332e-02
2.555797384606535091e-02
2.050147560189401544e-02
3.181427820372562110e-03
7.892500175042015814e-03
7.182629524001527335e-03
6.760274539823285175e-03
2.065492451242789598e-03
-7.007749984722977171e-04
2.142015727241641625e-03
1.817851548340172416e-02
2.509405326517537629e-02
3.838855025398686671e-02
5.491867074550782490e-02
6.517144526358151224e-02
8.414186669044454447e-02
1.132627220041996507e-01
1.173506140552063870e-01
1.287456353264929132e-01
1.455343242906877721e-01
1.578686296220837559e-01
1.687193660983382359e-01
1.745791124829878527e-01
1.774873350094878788e-01
1.883474883760754837e-01
1.803555775298548158e-01
1.935989464155937756e-01
2.009059553838426493e-01
1.980386960244402417e-01
2.097767610057871823e-01
2.179099147682904969e-01
2.425572238312724838e-01
