2.444591846683508325e-03
2.508736955458346247e-03
-4.566472425787182661e-03
-1.277962213639582956e-02
-1.345204712323635511e-02
-7.741248090484020503e-03
-7.835724951377187608e-03
-8.295531130757182944e-03
-8.599498358934453898e-03
-6.247793951379776792e-03
-1.333674674444012068e-02
-2.504988202795175450e-02
-2.791336176010474762e-02
-2.441656332379125299e-02
-3.723548604466202228e-02
-5.181152368176640544e-02
-6.067073459291805193e-02
-7.347098638947499594e-02
-8.178266297716732525e-02
-8.391777103576884833e-02
-7.986512349440602621e-02
-8.330979428183696300e-02
-8.910834480536777846e-02
-8.669439984498410190e-02
-7.818085795925640291e-02
-7.834327248327496718e-02
-8.703557104347225959e-02
-9.986598867309623428e-02
-1.079741809417100740e-01
-1.193841241680843324e-01
-1.201047360008971054e-01
-1.371533994789416455e-01
-1.570105998543198100e-01
-1.610460634760613741e-01
-1.905481533338530542e-01
-2.158177255836278563e-01
-2.140257221563075518e-01
-2.278646050861795058e-01
-2.365765890652852532e-01
-2.480382623054651903e-01
