-1.849620758972037081e-03
-8.123248131674642557e-04
2.775526662469474191e-03
5.781230942496051739e-03
3.184452261146475480e-03
2.789151138381385040e-03
-6.175523095521384242e-04
6.978729245383874166e-03
1.179633244495334986e-02
2.124229767380114708e-02
2.939940203529545215e-02
5.392938024896096888e-02
7.806587094644612534e-02
9.232213991406865161e-02
1.001080746621568068e-01
9.632893038293559307e-02
1.057474518839228439e-01
1.229443259600941502e-01
1.421054257351784256e-01
1.697851091022499759e-01
1.913146255857526568e-01
2.220413465552667220e-01
2.504846688270447319e-01
2.605124288556112111e-01
2.743202834908259891e-01
2.935548127951023156e-01
3.105955543665146479e-01
3.255854159300696216e-01
3.474773785306268792e-01
3.666000765658338767e-01
3.950300295536777750e-01
4.142054076626692227e-01
4.309580505471529710e-01
4.520675632264129495e-01
4.898704872166320112e-01
5.215036092849942850e-01
5.472492973085791856e-01
5.719788550750308787e-01
6.126940986708973025e-01
6.233306534136829891e-01
