7.325198113536046879e-04
-3.174225724991686180e-03
-3.716013009022844753e-03
-6.421550050184521297e-03
-1.353959210702697716e-02
-8.517853022805610408e-03
-9.430976026369820159e-03
-2.435194175903205790e-02
-3.523540147020298718e-02
-5.228394721146116531e-02
-7.689035655843809436e-02
-8.529076122126184878e-02
-9.835966209852387010e-02
-9.809294959023873162e-02
-9.778704475698418719e-02
-1.050846820027601380e-01
-1.006568765135284621e-01
-9.926418334431730273e-02
-9.401312552019761015e-02
-9.152122657237668490e-02
-9.023582048353376295e-02
-7.718916638424958010e-02
-8.124940972947172768e-02
-7.483943429378428491e-02
-5.849276512379901483e-02
-6.895641313215321311e-02
-7.718743490290194686e-02
-8.540270925476818598e-02
-7.273243156606952475e-02
-5.957944785686493383e-02
-4.968473074681867274e-02
-4.641369311543144111e-02
-3.245494832345627995e-02
-2.951757062027695472e-02
-2.966245904776485670e-02
-2.427086972384415869e-02
-2.514876909315546388e-02
-9.071612830908293290e-03
-1.152290330778384976e-02
2.316213380868248524e-03
