4.880217371019179634e-04
5.027485810744636296e-04
7.354258185479967125e-03
1.278066578802192731e-02
1.178347948217437456e-02
1.145539043433334639e-02
1.133141288411341173e-02
1.013900773869540542e-02
1.944938592207155065e-02
1.540312058107851101e-02
2.037363431038628075e-02
2.633485219964306484e-02
2.716736884927471035e-02
3.279385972558266499e-02
3.100637615104133785e-02
2.211052002289299809e-02
2.525576362133641339e-02
3.638788495893372638e-02
3.300907785023525498e-02
4.387348419877632605e-02
4.799581039500715185e-02
4.484694418532590710e-02
5.197996994625917605e-02
6.457957014376632110e-02
7.245818798621037060e-02
8.899518715814061509e-02
9.843896112472734494e-02
1.050957922045462622e-01
1.009286217033466271e-01
1.185853002460891814e-01
1.286266398440520931e-01
1.342530345465906549e-01
1.377719906855361387e-01
1.383454593016203715e-01
1.480650679542797887e-01
1.478905116100037165e-01
1.656345808824589427e-01
1.868148483912094038e-01
1.706088722360206700e-01
1.835085950155296020e-01
