7.454285080831013271e-04
-8.012043573108584404e-04
2.633796105057761958e-04
9.115287602901034347e-04
2.880315110537256910e-03
7.777154702849564671e-03
6.445034569373397915e-03
2.268599500311197035e-03
1.878602083768399168e-03
3.749335254927999191e-03
-2.611752375205966727e-03
4.981137936356105564e-03
4.588522582897170028e-03
1.071909789557103955e-02
2.034776961204194309e-02
2.381138523287553571e-02
3.119781391405886811e-02
3.700322041466748424e-02
4.227818849364197579e-02
4.275777285703234731e-02
4.056461303597771323e-02
4.833347457078858433e-02
6.003625929866558686e-02
7.544996084899650846e-02
7.778639405956014330e-02
8.683033732977599173e-02
9.547863448437218792e-02
1.027913744783717220e-01
1.170503810182523807e-01
1.199635553336897004e-01
1.319258242440518869e-01
1.422460583788080213e-01
1.582624264538946279e-01
1.628614572430901464e-01
1.571380126962804158e-01
1.586704600408460064e-01
1.689075878990848878e-01
1.669175692897447161e-01
1.614032968462240092e-01
1.771329836683307180e-01
