4.280139214401845532e-04
1.532685229423202868e-03
-7.219612187725132565e-03
-4.643967881763799710e-03
-4.346528081618039260e-03
-1.385937553124705389e-03
1.840493222798400509e-03
1.123524842968759430e-02
6.873024798733418095e-03
8.296300345772954915e-03
8.052575397827865453e-03
-1.313446565921871879e-03
6.664648693278252094e-03
6.261512016453707648e-03
6.930136585302193800e-03
5.555359716659324931e-03
3.902967850666172293e-03
2.794496005099844638e-03
1.235962266224923702e-02
1.182364747967739119e-02
1.510058947852428377e-02
2.358215361442645916e-02
2.493379799639434610e-02
3.470445609313869972e-02
5.181634920727660326e-02
4.513531623479707239e-02
4.829237048012835487e-02
5.783278268972295855e-02
6.328888786735084593e-02
6.745228184555393525e-02
6.776662817117688753e-02
6.375996202335301732e-02
6.945249360722591248e-02
5.615251685721744934e-02
6.563869711249203931e-02
6.972653453097699128e-02
6.332515182799909603e-02
6.613154946752430874e-02
6.250731390670694054e-02
7.549504061903249130e-02
