1.543772373021834400e-04
3.045608193787607918e-03
3.209325528720441412e-03
7.326984885957620996e-04
3.904985059449472828e-03
2.645873526573438907e-03
6.413730500337777802e-04
5.156872094871189742e-03
5.227039360430119075e-03
4.439315473954863304e-03
4.660783140601428010e-02
6.181366783541442436e-03
1.883610688702788000e-02
2.270717288538150885e-02
2.669900291933160336e-02
2.882962834771056818e-02
3.530240904303276472e-02
4.817463856828503588e-02
4.817764293823998539e-02
4.875826940038550245e-02
5.021513713619043390e-02
6.601950162965834756e-02
8.241381516114784644e-02
8.467307769833994080e-02
8.282734120107981823e-02
8.797813901584383700e-02
9.119218619928445846e-02
1.041055367583766100e-01
1.208354091554493664e-01
1.150464392552109361e-01
1.192154266477963576e-01
1.380134562307379353e-01
1.289731799019165348e-01
1.295065624929037651e-01
1.408082579157444170e-01
1.424081625161960629e-01
1.519258074266033876e-01
1.468396440180690377e-01
1.642821857392867402e-01
1.728645640924376947e-01
