8.046944683192780012e-04
3.746619906553938333e-03
5.710573759217752073e-03
6.827963779352508138e-03
1.046710040178417886e-02
1.499709816069465587e-02
1.613854960640957042e-02
1.598796098717940664e-02
1.816903341336129074e-02
2.101924503547270007e-02
2.501187343240669422e-02
2.632833003280588002e-02
3.704105163264870271e-02
2.760313513773908836e-02
3.134481121292580219e-02
3.025167989317374337e-02
3.482574015596284767e-02
3.186388256672145758e-02
3.710662889681692889e-02
4.264399693708753603e-02
5.976760836473857946e-02
5.817448240341036719e-02
5.906393628711050642e-02
6.579811562772767963e-02
8.784154977371691486e-02
9.345231325396632927e-02
9.627211594834080011e-02
8.469828997546038907e-02
1.122541004297669814e-01
1.092259294317557278e-01
1.294828219278944259e-01
1.554872555180381311e-01
1.646970580168957698e-01
1.759723299119318740e-01
1.847597997187985785e-01
1.980673423658810550e-01
2.132409310933326141e-01
2.253102760857970677e-01
2.256819496395849056e-01
2.578803172711346403e-01
