-8.664787009232232783e-04
5.835908611628859433e-05
3.428199114686058982e-04
-1.196360048678979295e-03
-2.177972737565792103e-03
-2.023352086368035516e-03
1.994482605080172277e-03
6.412274318471133938e-03
1.501366084122270940e-02
1.609013523663769402e-02
8.305279933799702974e-03
9.236755546089270297e-03
1.335513716760274895e-02
1.328633238340302079e-02
2.810674554584906629e-02
3.658449964748129724e-02
4.253038037389771098e-02
4.207418051137246096e-02
4.891830536404739860e-02
6.300752436124028300e-02
6.959220622002888768e-02
6.966613404314259128e-02
7.324032829037570302e-02
7.289971497019998026e-02
8.461507877550396295e-02
8.848694926155467599e-02
9.944317507539146561e-02
1.070747358725110815e-01
1.140387058352025917e-01
1.200747727645005425e-01
1.217235537142265372e-01
1.536964075901174342e-01
1.515096835659395791e-01
1.621463218161476871e-01
1.676711318646347537e-01
1.738833153395422104e-01
1.797873120873539621e-01
2.004514453588406298e-01
2.157877014754191747e-01
2.047051415711756417e-01
