1.278330282037765152e-03
4.876454773613980720e-03
5.786396990346620757e-03
1.787410190072140706e-02
1.977759616480927532e-02
2.409677926975994922e-02
2.419566503839352262e-02
2.857174081068762986e-02
2.983141931337805058e-02
2.976005047811653911e-02
3.827063984106419958e-02
3.148742272068627557e-02
3.132234526035162364e-02
3.578150641384567759e-02
3.856880459757335011e-02
3.862178402906159963e-02
3.762069330532291644e-02
5.201352724536647404e-02
6.436721736904971181e-02
6.359024131008297887e-02
7.098921669355676145e-02
7.887089710976588619e-02
8.841101049581681637e-02
8.019931368381953696e-02
7.736695473750003493e-02
6.858685241364100016e-02
5.976930269992273420e-02
6.502548728501836295e-02
6.063098123356951141e-02
6.530106813760702678e-02
7.839982235336258320e-02
9.209580072594683586e-02
9.762639611636494963e-02
1.129622538367545531e-01
1.116908926847532540e-01
1.253878318682641324e-01
1.438241023098441873e-01
1.476018568099092820e-01
1.546622982914137023e-01
1.493471912913889865e-01
