1.979919094528215186e-04
3.449781209092561696e-03
5.500675033798340871e-03
9.088544565912215142e-03
1.437224274980843965e-02
1.581465991490525053e-02
1.677347104976636277e-02
2.594429210443447570e-02
2.715662103931624355e-02
2.246085047218233585e-02
3.263032415231066630e-02
2.587231322704876962e-02
3.736675533118472003e-02
4.298750894322544980e-02
7.055482061635735824e-02
3.743987414215226017e-02
4.395206722479940570e-02
4.224423257638783291e-02
5.161469797706956519e-02
4.841774694577871685e-02
5.070062530036593962e-02
4.709297327425972235e-02
5.756640848606977418e-02
6.792991409044760176e-02
7.891326470395369774e-02
8.199419290483689338e-02
8.933675036206700781e-02
1.035334512518964745e-01
1.139210553025488820e-01
1.229847460739318110e-01
1.273351979065029949e-01
1.357135770304601918e-01
1.360322625691871568e-01
1.502159256856003822e-01
1.656409530753080728e-01
1.803736750496376939e-01
1.834311246996556122e-01
2.000564090133472861e-01
2.156444325851801236e-01
2.182142811416383776e-01
