2.319875657839087644e-05
4.004845180644878329e-03
5.831475546882724896e-03
9.068943879081192705e-03
1.313308823806886780e-02
2.188099891275694514e-02
2.870439970296558702e-02
3.062133070196750712e-02
3.639617998859332598e-02
3.992551002338391719e-02
5.066477919438554245e-02
5.098012840153689357e-02
5.879551073875930595e-02
5.817429616663680886e-02
6.853654228028460693e-02
7.205983139348895450e-02
7.497165250967725847e-02
8.277361831530143099e-02
9.174312997500137790e-02
1.055879016420760708e-01
1.122610348383936696e-01
9.756571077956621707e-02
1.075437386674565204e-01
1.133671786881183807e-01
1.193946757527662300e-01
1.169379038634602297e-01
1.276632836164132700e-01
1.308406947691665434e-01
1.241142497009057877e-01
1.365725168760548169e-01
1.384480873709623694e-01
1.446876964963049461e-01
1.741360452225272637e-01
1.858293856615617357e-01
1.983321442422308623e-01
1.918731729725102753e-01
1.824962956648050749e-01
1.811616087676885256e-01
1.961521746945017186e-01
1.895649675852645599e-01
