1.130997193636629206e-03
8.882776360379818648e-04
1.222735746562619852e-03
4.804567018387028918e-03
7.792245587091528765e-03
2.751601184717955562e-03
4.294981569538514239e-03
4.324259887419579229e-03
-5.146806646147616612e-03
-5.317803084007444517e-03
-4.448048250678659707e-03
-2.219701337013013556e-03
-7.102474435216166171e-03
6.883648299533718165e-03
4.785122821774834105e-03
1.908649181997752395e-02
1.235898560162347268e-02
3.137412748264409995e-02
2.573775233928578959e-02
2.822245264203111434e-02
4.332628129738900352e-02
5.922768855063829246e-02
6.513274885613817844e-02
7.465186124620579178e-02
8.300761471416855108e-02
9.009772275716194934e-02
9.606962098363247549e-02
1.036381379384494067e-01
1.185387024465210659e-01
1.158022981953543279e-01
1.094286166283655604e-01
1.222386125654899985e-01
1.202335291527667493e-01
1.338412727991464268e-01
1.431215248143246355e-01
1.525160528875559862e-01
1.463569864160923772e-01
1.534641725676778035e-01
1.728484511152210135e-01
1.982176896916257591e-01
