1.591192203899960455e-03
4.283134135859789637e-03
2.395050200417525588e-03
4.983444455605212479e-03
5.920327241018074824e-03
3.969989434631848897e-03
9.670871740792997412e-03
1.172890755199187431e-02
1.084152834014187085e-02
-1.076329071207204847e-03
7.502826927373895324e-03
1.223233417492046796e-02
1.706393817552225370e-02
1.876970001082050102e-02
1.352185766084090801e-02
1.011551474822063382e-02
1.280588820565640128e-02
1.605374829697012867e-02
3.131552163247910275e-02
3.569203305798680781e-02
4.581395025149710698e-02
4.800107708973157944e-02
3.589632324469249625e-02
5.221227979547933551e-02
5.645947695388180143e-02
7.239133959678803465e-02
7.628289431625923100e-02
9.950912412398657536e-02
9.867454733769917552e-02
1.090447021857450238e-01
1.118222514046429694e-01
1.288966120073332944e-01
1.280823285325830285e-01
1.470908883772274467e-01
1.523007893615702102e-01
1.624924236178479364e-01
1.731483875556676932e-01
1.684779285669478210e-01
1.670305281278302856e-01
1.726005928547934276e-01
