-8.912078045487881401e-04
1.760088921697322561e-03
-3.037367348043940041e-03
-4.837073065332120683e-03
-8.275419385705262004e-03
-2.759441353033231618e-03
-4.664152155773848216e-03
-6.771101664275391493e-03
-1.056835339967818720e-02
-5.904074613794029966e-03
-1.150063205624540829e-03
-5.518629887259152156e-03
6.806749626540309177e-03
8.397291809471241208e-03
1.288626319500210150e-02
1.216705921235323659e-02
2.911598693770720697e-02
3.016899988158634402e-02
3.756032670274223051e-02
3.645028809972074985e-02
3.561390985250589836e-02
5.194803161867689312e-02
4.846904530981177572e-02
6.925834458386041781e-02
8.313531080107061655e-02
9.315840572488162663e-02
1.013192756457151206e-01
1.044044392363712576e-01
1.114549727843211768e-01
1.299571957767763908e-01
1.486809704592491899e-01
1.456308705644765722e-01
1.574655662552316981e-01
1.617966624626006877e-01
1.708002183380440131e-01
1.706791944602205346e-01
1.691966274943702275e-01
1.942356557422403596e-01
1.979039587695808622e-01
1.996712318118760154e-01
