2.055445964752156238e-04
3.453783049835390355e-03
3.400314179458963082e-03
1.011986976796599470e-02
1.921223077993215039e-02
2.176029600670083969e-02
2.085565608215400601e-02
2.219219837421793073e-02
1.993544227976613500e-02
2.753876917256175075e-02
3.122128972478250761e-02
3.078647117034201061e-02
4.459175864303972781e-02
4.397069481630779680e-02
4.601138098455059833e-02
3.897589851132572669e-02
4.494706913925590464e-02
4.985757931794374681e-02
3.847742031939880430e-02
5.822692487891458629e-02
6.634642966489678884e-02
6.302723087270720170e-02
7.583359606190143154e-02
7.462236449778174296e-02
7.080360897800304365e-02
6.857357531355035007e-02
8.603603915417715187e-02
8.533701530367920896e-02
7.808410333634689671e-02
8.458742120126885866e-02
9.695292041186220899e-02
1.069199176602442236e-01
1.154355997711348919e-01
1.213383342251990599e-01
1.130310859504135151e-01
1.176231029866436073e-01
1.537817863489841785e-01
1.260872801906735563e-01
1.388344221907637233e-01
1.379877702733693923e-01
