1.704947040145121716e-04
1.394700018252415007e-03
5.732597761849867347e-04
3.625305245086618642e-03
4.729853554403806726e-03
8.577098602959586787e-03
1.366550032614472984e-02
2.711717240387230207e-02
2.877283750093866457e-02
3.019502764336028447e-02
3.338292687914776874e-02
3.448095169251885750e-02
3.195362209273113624e-02
2.273195501464862073e-02
1.880393956595618338e-02
1.402152867768116130e-02
2.157845799781377139e-02
1.869154714422194274e-02
1.655720525274517740e-02
1.141247636330611215e-02
2.546465482444304484e-02
3.224570234191474760e-02
3.124554341335681468e-02
3.812442241432130452e-02
5.109986747664976153e-02
5.792129346537500112e-02
5.681676489002462915e-02
4.845947401723939979e-02
5.100846542870200728e-02
6.446996744683311520e-02
7.405746014228427321e-02
7.414521503997484331e-02
7.489387375482366160e-02
7.467922324128224709e-02
8.046998872036681405e-02
8.344463751483743863e-02
8.790882660821992822e-02
9.686506361746297089e-02
1.068835660477375910e-01
1.161273515733071832e-01
