1.702870488003549454e-03
2.139281151488558932e-03
1.111193253212316902e-03
1.303323344096352001e-03
1.134522785629243913e-02
1.314537994591962258e-02
8.807844567810719019e-03
1.218631762809199194e-02
1.293248166526481634e-02
5.355078764404197153e-03
2.040106225847537584e-03
-2.461322284187694807e-03
-1.695588788915038808e-02
-2.072892993649055882e-02
-1.221301833044634647e-02
-1.496430986768721924e-02
-2.165829727041099911e-02
-2.313359013038649575e-02
-3.065811491527057481e-02
-4.083083712983963387e-02
-3.025240972638307962e-02
-3.279232167949643756e-02
-2.845799346788346895e-02
-2.436400242946668016e-02
-2.969705314819748310e-02
-2.844993455687614553e-02
-2.862067072563938622e-02
-1.633725822159810478e-02
-9.204251206269376678e-03
4.274582974617047518e-03
1.808425814431018422e-02
1.373703872386471472e-02
4.044486271131475519e-02
4.434213805625297766e-02
4.352370848334565639e-02
5.668966085121525389e-02
6.197570204479632000e-02
4.780290307964492336e-02
5.128050636843255183e-02
5.104763544246040258e-02
