-8.496986876860956450e-04
-2.487492647139877278e-03
-4.988071163799378746e-03
-5.585512839321893179e-03
-1.235095642580113021e-02
-5.500372470883796265e-03
-1.132734214013453268e-03
-4.545282957876039870e-04
3.392986834007238883e-03
8.322022971898056926e-03
2.125045994435836947e-03
2.545361076556495843e-03
2.279933179615056815e-03
4.792884936191654441e-03
1.926852341228268897e-03
8.745244812924112682e-03
6.499577292866831786e-03
1.085695390880516732e-02
1.121192470051788313e-02
1.451478345577505991e-02
2.168118081441789899e-02
3.315076613666860517e-02
4.289863445913581763e-02
4.708794601751833259e-02
5.481882677378955432e-02
7.608295262750104648e-02
8.371241564616341280e-02
7.895989788478949278e-02
8.892914858948977597e-02
8.509414130037598611e-02
8.279412100268394858e-02
9.621092843870152067e-02
1.070848681145424308e-01
1.191094955715762127e-01
1.257837928042363218e-01
1.279134624737984782e-01
1.244066605812250287e-01
1.286705572322048852e-01
1.401492064731286180e-01
1.543719874327287300e-01
