-2.669507399370552145e-04
-3.358178594270899708e-03
-6.282749566078660308e-03
4.858226173873987641e-02
-2.260973755949891115e-03
5.459284480625825825e-04
3.666187932468823081e-03
5.728199115017850937e-03
6.925758656801050787e-03
-1.178009248511457984e-03
6.828210145260448991e-03
1.109353697850838996e-02
2.145549150048253750e-02
1.726443447225776279e-02
3.573219824421869188e-03
1.637656939298679643e-02
1.834646207989578531e-02
1.211400640069477605e-02
4.415555558875539424e-03
1.260701878858263604e-02
1.291707020971806161e-02
1.250121225662645906e-02
1.388368811997580179e-02
2.178443865434651766e-02
2.675119926913787152e-02
2.781148729428295496e-02
2.675474042811778336e-02
2.779924218962932445e-02
2.771014898190671261e-02
3.907237146777973319e-02
4.493906405504297791e-02
3.723916618049294414e-02
4.451330627735287926e-02
5.068257355319829432e-02
5.755040226569008155e-02
6.902175397824343583e-02
7.809814129890782497e-02
9.311862173183201030e-02
9.204047626441110019e-02
9.118460476385407965e-02
