2.573650362821977458e-04
1.615185605808244816e-03
5.039471838693199320e-03
8.525289035042949576e-03
1.382706659639651968e-02
9.087191748829149401e-03
1.218544761061828366e-02
8.415947920294541973e-03
1.679378308324306485e-02
3.156547172682007407e-02
3.268344286583744346e-02
3.472443094853918527e-02
2.629745376069649726e-02
4.071921928390516421e-02
5.263272406658288383e-02
5.341714876294290093e-02
6.566856768188067406e-02
6.880254096901516903e-02
7.045410874654507716e-02
8.808159564549064569e-02
9.511151463426301134e-02
1.155647592639830606e-01
1.292463670152976252e-01
1.300532863563464703e-01
1.418044220040385883e-01
1.554045719677645820e-01
1.523787812658376484e-01
1.650254880111777511e-01
1.792726637008666413e-01
1.850570924144676610e-01
1.876423648263458033e-01
1.942320409142279658e-01
1.968720244486728832e-01
2.134958059087502247e-01
2.232882539804272315e-01
2.321818973148196963e-01
2.323908505123178370e-01
2.387724659270588634e-01
2.554696956721876910e-01
2.705590286859852478e-01
