7.460601359805752114e-04
-5.847256093717056796e-04
1.914291275694157647e-03
6.147188188566588170e-03
8.975191616592593374e-03
5.265322668476990139e-03
1.067720731630927844e-02
1.786490780388927391e-02
1.702170623021768275e-02
2.099679987693416766e-02
1.368746991215381500e-02
9.003141234800260059e-03
8.517151046243754201e-03
1.550757424803244147e-02
9.904477952292368298e-03
1.126914585095128984e-02
8.063137126161379689e-03
1.170454515129897358e-02
2.164955008923996616e-02
2.555446329735353711e-02
3.051504279007168779e-02
3.624959235793596968e-02
3.995883814441221482e-02
4.707822146110274275e-02
5.711153933254955323e-02
6.188106169667513534e-02
7.730287664527715763e-02
8.554196513507399124e-02
8.543461446536290693e-02
8.948199174774060238e-02
1.039073959053588708e-01
1.092528377463011652e-01
1.098880880860772236e-01
1.220676404818949179e-01
1.279677519388158768e-01
1.388404025458598312e-01
1.477271475861115790e-01
1.601818693149383022e-01
1.683364067351064419e-01
1.591552192615985351e-01
