-7.366458020244603727e-04
-3.295035461102102550e-04
7.650268854583064035e-03
6.684849498482048694e-03
1.592918927146733804e-02
1.239298816358811416e-02
1.426997609883446858e-02
1.610499413256043580e-02
1.272306054748906234e-02
6.978754277425025868e-03
1.428659778795626778e-02
1.936766986820526171e-02
2.504556810960849658e-02
1.140544971084835914e-02
1.789589845934571460e-02
2.562830798173436689e-02
2.924325612813767281e-02
4.559009729985383924e-02
5.561052164146716020e-02
6.524557156178616146e-02
6.190615411600006862e-02
4.763989777676584658e-02
9.610176267708325781e-03
2.044803208786660689e-03
2.002110543222457122e-03
7.252453443572548335e-03
1.582409142531169405e-02
2.536940910042773112e-02
4.006717602268352468e-02
3.468801755801535769e-02
3.657106165676715648e-02
5.653275110410440479e-02
6.916738991024047600e-02
7.488824692721215981e-02
8.365753128217648382e-02
8.604164195640358337e-02
9.473435723348906656e-02
1.010190680518178452e-01
1.025466097369168439e-01
1.191086195781544121e-01
