-1.450028992603957703e-03
-5.178155116710003898e-03
-1.509318712096252568e-04
6.304056524151224750e-03
1.044190080667561915e-02
1.139169501690435668e-02
1.435038486569890567e-02
1.069880758403201140e-02
1.495310368421911597e-02
1.572687175879430160e-02
2.183708742942282871e-02
2.341437261542225062e-02
4.416394670795540517e-02
5.636926960584389551e-02
5.707155149228100577e-02
6.607667134533130870e-02
7.460410607298584296e-02
8.038003683281935707e-02
8.031722466901065893e-02
9.290837826316292181e-02
9.563576254625801021e-02
9.747669211780092546e-02
1.134396963752287435e-01
1.219324356404261067e-01
1.341936602784542798e-01
1.498310386714813147e-01
1.564512315288897892e-01
1.526912355242515673e-01
1.581662472499651417e-01
1.520406857878722207e-01
1.472534944987461958e-01
1.490889695409244042e-01
1.479107171979720248e-01
1.550485612242315514e-01
1.628163645210321531e-01
1.734202228932815726e-01
1.955827779107046638e-01
2.156463670151509970e-01
2.162187350545075049e-01
1.986403639153209721e-01
