7.856591459118433384e-04
3.128819065501398274e-03
3.051599329381371462e-03
3.626279346851823786e-03
-1.495778576032069608e-03
2.590426974848192461e-03
5.206064184277892255e-03
4.870178182905959656e-03
7.310141139701719845e-03
6.946483094874800548e-03
1.625195374602039777e-02
2.571510727434151919e-02
2.813476246351420684e-02
2.205605735223024194e-02
2.529423908938781621e-02
3.759863041812856743e-02
5.652321718547845958e-02
6.182836819746562185e-02
5.988212884409271908e-02
6.122007206268698098e-02
5.851853752929692121e-02
5.224070922712229642e-02
5.419670806279945630e-02
4.969959263864467264e-02
5.955279777012663367e-02
5.928143392544064916e-02
5.957740573813517099e-02
6.847774339691241330e-02
7.654145231743533784e-02
8.650254704325170685e-02
9.944358400691370725e-02
1.087137268820090041e-01
1.202459885637537640e-01
1.280004690314161253e-01
1.397406879876300079e-01
1.541414201060888334e-01
1.571638171133514505e-01
1.720820006519573897e-01
1.707149781077283990e-01
1.752409443252133658e-01
