4.331328879030316430e-05
-1.348784955115567372e-03
-9.132565150469674087e-04
3.466189867024027822e-03
5.084131433276795065e-03
1.245908942093976179e-02
1.700839264806059889e-02
1.802807038456517505e-02
2.002142289866721755e-02
1.580079809228251975e-02
2.325019184594196917e-02
3.325365200685936884e-02
3.427892660144884335e-02
3.110068205510145914e-02
3.431639926270548674e-02
3.988450502734721542e-02
3.704473527124676341e-02
4.634461517806300751e-02
5.043459862988335096e-02
4.821674989487192281e-02
5.364676884178685295e-02
6.623331523998103598e-02
6.119386927654133640e-02
6.862455776677052477e-02
6.460467985109374922e-02
7.401973075244576428e-02
8.204480668144605027e-02
9.076338749994831978e-02
8.585104709578601778e-02
9.886037921818732754e-02
1.128051507761451688e-01
1.219225260615118545e-01
1.206401447437642077e-01
1.334205073402664199e-01
1.389191619735768712e-01
1.286011218562617131e-01
1.268906534439821487e-01
1.409281200274506429e-01
1.513142581394788522e-01
1.626626628332687174e-01
