2.678441758798299956e-03
4.276510805964761804e-03
5.691309730189875009e-03
4.288805368734660561e-03
-8.734242245499679530e-04
-1.945307246288052738e-03
3.348927289301251164e-03
6.577226958754067926e-04
-3.445266563536009304e-03
2.202439662796251522e-03
4.600191133245168373e-03
1.024876090830950659e-02
1.192318593279360038e-02
1.525637876535874612e-02
1.402817925942834165e-02
1.689632046640383509e-02
2.397654154908792495e-02
3.055434263222345237e-02
3.325136350824102471e-02
3.535596686610098516e-02
4.263616138495152086e-02
4.936392887226333237e-02
5.300422108956404088e-02
5.415532605358954615e-02
6.154760968445067981e-02
6.503277065453154371e-02
7.829531604267217504e-02
7.925255756193401446e-02
7.962779353466657717e-02
7.649901650538311337e-02
1.369394811656690081e-01
1.006548892270945628e-01
1.101296945382028297e-01
1.259885831239795917e-01
1.411192987968856727e-01
1.418077461878549939e-01
1.623287301061427657e-01
1.520415916625498798e-01
1.460141424570558510e-01
1.397874345374049143e-01
