-1.076317012690708539e-03
-9.188063952235481007e-04
-1.355380748055790051e-03
-3.898947239759120807e-03
-1.917221879828012732e-04
-4.294121116773475140e-03
-1.519335400965893213e-03
9.357296103241629845e-03
1.288775242897877149e-02
1.226365324835860734e-02
4.598787591577391254e-03
9.726642287387754840e-03
1.666563944266812383e-02
1.873829319467325977e-02
2.982591962617746686e-02
2.539970527372616832e-02
3.115765917224599946e-02
3.229875067371494601e-02
4.109482285460366174e-02
5.178250755205091732e-02
4.921621800936506336e-02
4.221899061818455007e-02
4.058017825061029094e-02
4.380862969726031370e-02
4.954697631771267513e-02
7.019527034327666115e-02
8.237362656877529610e-02
8.870083594044438080e-02
1.074190720342993871e-01
1.178846544308917998e-01
1.216644755637837222e-01
1.252726514280283199e-01
1.307004727682904988e-01
1.411803384885306767e-01
1.559400922954932156e-01
1.829768979276820973e-01
1.846779425072220815e-01
1.686297638505322993e-01
1.751257685346324366e-01
1.909314628398270375e-01
