-1.322629830599408775e-03
-7.763897485445703456e-04
-8.521052276853069971e-05
1.885144118643378164e-03
8.423744821949163616e-03
5.442528683962421718e-03
1.651936905493549615e-02
1.896989937197464046e-02
2.441155322565791153e-02
1.840306755271363739e-02
2.861410979942711347e-02
2.195957489196551787e-02
2.614281947313052898e-02
2.421698975774866369e-02
2.547089553692529623e-02
2.170770901259437904e-02
3.455447703520562325e-02
3.049594242950064496e-02
4.108593338619499769e-02
3.824333482288296004e-02
4.369033603553447442e-02
2.543234785331272008e-02
2.079977113462199226e-02
2.237576716036322397e-02
1.291917346813420409e-02
2.630777569081814773e-02
3.829160939963927035e-02
5.288210457693089811e-02
7.222896167617313956e-02
7.196042185375439715e-02
8.495218912259225319e-02
9.817983336806861139e-02
1.002768931016049664e-01
1.105936209535535453e-01
1.144737884798260608e-01
1.247123324810175404e-01
1.245150845057857170e-01
1.262990834871864365e-01
1.432010635096943874e-01
1.616525930662277288e-01
