-5.711375828651333187e-04
-2.193677150205708328e-03
-1.838403952096445693e-03
1.567139549055518498e-04
1.605820948979452736e-03
4.917285337257837514e-03
9.047469864010792423e-03
1.723819072026468863e-02
2.331027892852208933e-02
1.415389443669905559e-02
1.541551442918436335e-02
2.165026905497064932e-02
2.329800738677114541e-02
3.123836914409921020e-02
2.792030399252567324e-02
2.211711581410789190e-02
2.538762344399358994e-02
2.941758104536482815e-02
2.140395015455674038e-02
2.602876497331507721e-02
4.063735097389944290e-02
2.907083539480446316e-02
2.971108815985381429e-02
4.267003915150553717e-02
3.455804488942781916e-02
4.193144206467493834e-02
4.939882853028691734e-02
5.928067895651878416e-02
6.505407043921600241e-02
6.827964002529256227e-02
1.178201726935967086e-01
9.074043486842846284e-02
1.014123905900092409e-01
1.106694966090145671e-01
1.229518066115225794e-01
1.394830315858413827e-01
1.427937453340124563e-01
1.609821294517601586e-01
1.606590428854580976e-01
1.617948417690044383e-01
