-2.976501642610207446e-04
3.305839611745264774e-03
5.071642965488898369e-03
7.554097977004303917e-03
3.327426857598503145e-03
1.507790883450130758e-02
2.384513324058445960e-02
1.763292315565063648e-02
1.945655071104077788e-02
2.543220509225214629e-02
2.997005613268743929e-02
3.930109399343226922e-02
9.438914203424175753e-02
4.583782182292069074e-02
9.782322802930032424e-02
5.260783197426625868e-02
7.645176238009909753e-02
7.184659232707665821e-02
7.626415097921750152e-02
8.054316935702310332e-02
9.806982289264568053e-02
9.514275355696426295e-02
1.020666942163092755e-01
1.123980067504540131e-01
1.067359979847473939e-01
1.046653172387468772e-01
1.106709647342214026e-01
1.170330447567934640e-01
1.364742862382438970e-01
1.504214421327631501e-01
1.613452831507029006e-01
1.784510581343177194e-01
1.853998638695415480e-01
2.118069915777475443e-01
2.132219762034903709e-01
2.294354037358296294e-01
2.389514195962846033e-01
2.579205019814594380e-01
2.784739330401421742e-01
2.872373314960349200e-01
