-9.086275066467530475e-04
-1.612259615321986941e-03
1.138266916971986164e-03
3.221423522041000440e-03
4.967443555640738487e-03
4.033862580751446103e-03
-5.433348157755091279e-03
4.169528599456029556e-03
7.731040224312835454e-03
1.794451127875351659e-02
2.057634162150812074e-02
2.537068984693995402e-02
2.095773236502686959e-02
1.333196420987086198e-02
1.874611741355991512e-02
2.137989526526560408e-02
3.364204531943073423e-02
3.531096519346697132e-02
3.781503039695018054e-02
4.865767261071347882e-02
5.277960088019462148e-02
5.088191359706613348e-02
5.197394145534595111e-02
4.593065541369618920e-02
4.864780628491658515e-02
5.041118988014616636e-02
4.519252455569038041e-02
4.874038707104695611e-02
6.087017616286338750e-02
6.927383800759087662e-02
8.319538720720132119e-02
8.817794601396400367e-02
8.609570012727410515e-02
8.473201615968725675e-02
8.958988303113812890e-02
1.031037703227063729e-01
1.191211119650404243e-01
1.191243141806246769e-01
1.259620161134741012e-01
1.374723015860617181e-01
