-1.850073360007176235e-03
9.782351109908660625e-04
4.596283268367962020e-03
9.308120568313694304e-03
1.131258726085242541e-02
1.460583022582344695e-02
1.219553328057667620e-02
1.762062678780616093e-02
1.969209418820359186e-02
2.328564099678604934e-02
2.129720605112197379e-02
3.168760932044421136e-02
4.023681034928650035e-02
4.024433686294024565e-02
3.696148427870724756e-02
2.980553657950970464e-02
3.357714167651267012e-02
4.372564487698262642e-02
5.164167390526870627e-02
6.389735558413747740e-02
6.914924909767919403e-02
8.703520975424261508e-02
9.781288314327092615e-02
8.834091683468550671e-02
8.376705230912975808e-02
8.450722986085210109e-02
8.448993804252395712e-02
8.189318625714818445e-02
8.702222239334922449e-02
8.641464516403871143e-02
9.535119770290059749e-02
9.757075659660899292e-02
9.426479051784752983e-02
9.282653681893897335e-02
1.092615530899646303e-01
1.199884276471820527e-01
1.291694110027016562e-01
1.415176219139723801e-01
1.723546373001361987e-01
1.696729145613403433e-01
