2.915804313301206731e-03
6.647205125900645592e-03
9.931260733037650459e-03
1.241864510688834786e-02
8.224266755958887110e-04
-1.602211080124860175e-03
-2.044054892427915431e-03
-2.076685007663670035e-03
-5.998414303739351902e-03
2.577815633941327286e-04
2.638301447461977207e-03
6.020244406384200712e-03
1.243409209680628250e-02
1.240580645996054374e-02
1.374058988276871673e-02
2.447767383333250210e-02
3.421829120947066094e-02
2.275229148357489281e-02
3.009938001334262411e-02
3.036576585368280096e-02
3.126234509510901483e-02
2.551842733911584629e-02
3.707900760688218750e-02
4.302557164332156819e-02
5.267783097598943698e-02
5.329203085511622501e-02
6.027936246287275701e-02
6.951623224161700143e-02
7.080852569913390071e-02
8.384118835525669611e-02
8.447624489713057017e-02
9.653287091607190562e-02
1.126208042587595742e-01
1.392775432864667151e-01
1.586734979190538297e-01
1.647029701416578007e-01
1.740532251203902037e-01
1.985630124176203937e-01
2.099857676138817963e-01
2.072806932740981212e-01
