1.959981972768076557e-03
9.030915352446378542e-04
2.371146486169095624e-03
8.040543587947901125e-03
1.682800781241091531e-02
1.470851404426980549e-02
1.459261606330262105e-02
1.405280043439969227e-02
2.364215060487246875e-02
1.853641798080580758e-02
1.129929737013259973e-02
7.175754001013956614e-03
1.572595473882785339e-02
1.157220865082351190e-02
1.482877154489479175e-02
1.564984489324921027e-02
8.971145344439790739e-03
1.610968316985506021e-02
2.093556505351266278e-02
2.905715061653389025e-02
3.221984807585798194e-02
4.290213827242687905e-02
4.968448065049600043e-02
4.220565142299825823e-02
3.391128965056715294e-02
5.055998930047493622e-02
5.793592300046803562e-02
5.770921858101622781e-02
6.239984562733482537e-02
1.097234185534603085e-01
6.810504388114005381e-02
8.118524349841678422e-02
6.809257699493506677e-02
6.894555880236481749e-02
7.993919877048724643e-02
7.715829795662650092e-02
1.263220920345212162e-01
8.769702093269415855e-02
9.233095279753555928e-02
1.002524659821006081e-01
