-4.278958354929418345e-04
-6.656176527488621986e-04
-2.973201487115328945e-03
-4.339828980694715108e-03
3.270066997240306359e-04
1.114438572756881784e-03
1.147458543278858691e-02
9.233087504638604406e-03
7.804221217205409115e-03
2.963443220038897326e-03
1.886682169706688228e-02
1.273426641556287854e-02
1.472565868172388479e-02
3.640355272440203016e-02
3.176717107912559179e-02
3.209299618532135412e-02
3.140209674988163335e-02
2.634439280396207866e-02
1.563960288013745842e-02
1.296891269773503552e-02
2.080978407212939058e-02
1.837405894801911327e-02
5.550717913639857497e-03
1.698492738723516096e-02
1.916909169445304290e-02
1.932636357324248738e-02
2.850238158519644710e-02
3.805238178627625562e-02
5.602640831216696565e-02
6.669054073398186788e-02
7.157412322792922055e-02
8.953161724060301752e-02
9.097911906760813849e-02
8.486761713271810670e-02
9.698881638513086323e-02
1.010892398847602208e-01
9.552852917293179480e-02
1.077677809432564943e-01
1.020809158540878087e-01
1.114605021998158890e-01
