1.317531086855261522e-03
-3.755637679550449695e-04
2.242325436306646935e-03
2.818502427968994084e-03
4.734384524020374303e-03
8.686228838930176027e-03
1.506453527373068438e-02
1.749214220140942258e-02
1.576573373105692039e-02
2.275075303017572853e-02
3.006902850357633453e-02
2.279061883573021280e-02
2.437461981191937216e-02
2.371519256341265633e-02
2.487203112137805622e-02
2.513641093106180197e-02
2.587608081522532050e-02
3.746785991043495578e-02
3.767287674369690365e-02
4.639740187835918878e-02
4.401579427691082458e-02
4.929708591089188019e-02
6.044369240605433624e-02
6.093302735039855811e-02
5.505537378505351992e-02
4.880150403884506854e-02
5.561980237934491950e-02
6.348001509025494316e-02
6.873657554122516999e-02
6.427766304261162134e-02
7.760972690490142156e-02
8.636242064835997212e-02
8.948886840419553734e-02
9.033729356766961871e-02
9.052891246588394558e-02
7.961911946607073964e-02
9.493856895653536576e-02
8.711925551728114114e-02
9.099738054723474634e-02
1.149442789139200755e-01
