-1.234433610397811564e-03
2.471762942999910975e-03
1.397305614311594810e-03
1.334632431209037320e-03
5.455610053019643857e-03
6.299067949200320982e-05
1.172582455075854525e-03
9.349207669348125541e-03
6.818373015405399147e-03
3.499098779004050468e-03
-2.949991118834027586e-03
3.406450828752127574e-04
4.992190406240481874e-03
5.789902218819875830e-03
5.132153854347620836e-03
4.092416146462695900e-03
4.385216385135848501e-03
5.854265165501360002e-03
1.177532645305206030e-02
2.244594851109482734e-03
9.671638036148167555e-03
-5.170034723676053545e-03
-5.942651816370769779e-03
-8.897832729164178306e-03
-8.287686448440467757e-04
1.729158183389429768e-02
6.520433429422922526e-03
9.810038289261769143e-03
1.680981121241344883e-02
5.063378528968698160e-03
3.300251863844074623e-02
3.593644774079400583e-02
4.495708428775202492e-02
7.326045361476118956e-02
6.998585165379581086e-02
7.160881644535095625e-02
8.094474856697075893e-02
8.471324698288640320e-02
8.436932851025957802e-02
9.762502390731526980e-02
