-1.292815989772977446e-03
1.275002138392356075e-03
3.191549376544688781e-03
-2.623829921735154613e-03
-6.330105751774616884e-04
5.884852236588855590e-03
1.155277584459835083e-02
1.268905546954073385e-02
1.812303298864535034e-02
1.694229543204972543e-02
3.125286930705897109e-02
3.005193369433918280e-02
3.329927601500663747e-02
4.239709630242671778e-02
4.324043390938605430e-02
4.175341084255244223e-02
4.228682602331268470e-02
4.892154309096206216e-02
4.897989382742622133e-02
5.033486020706945396e-02
4.906360473609368278e-02
5.108733737024841876e-02
4.006264777752335110e-02
4.923874117663266936e-02
5.433422871348270178e-02
5.821572345671377491e-02
6.624056126118312016e-02
7.613323184761036644e-02
7.974359574692116426e-02
7.528550215572771265e-02
7.931575958973376139e-02
7.526668143646304820e-02
7.528517232517195623e-02
7.745197524169640524e-02
7.591231207504485490e-02
9.110973640224387382e-02
1.062923889086477003e-01
1.039494297565248387e-01
1.035816935180640941e-01
1.128159143706803091e-01
