2.849910735606142609e-04
-1.099560162301393973e-03
3.235958221957879960e-04
5.290004759309496415e-03
7.054867375651063463e-03
1.550175349750748666e-02
2.313884678557869348e-02
2.565386573349535265e-02
2.637818757808059120e-02
2.810354989793726471e-02
4.067560776658254301e-02
4.620235492923985277e-02
4.094485248140955491e-02
4.402664943219995741e-02
5.902909681249646212e-02
6.059129839156760650e-02
7.195189452126378449e-02
6.767526756351642525e-02
6.952903607879860892e-02
7.560503244112304344e-02
8.675409271559537949e-02
8.614902042326519349e-02
9.318451905933748669e-02
1.125533059010958709e-01
1.211339718376478886e-01
1.291429755048223993e-01
1.325614137307134510e-01
1.344828802989013750e-01
1.323587798319863507e-01
1.280060007064875438e-01
1.319179410280700293e-01
1.405797944870346983e-01
1.422600708164843408e-01
1.573165219771222867e-01
1.600641262944119403e-01
1.632891993319528778e-01
1.625118846799288863e-01
1.729367491378212551e-01
1.785984575698456867e-01
1.852314157383226356e-01
