-5.999165928749716986e-04
-3.806310669671297939e-04
2.821128378162463153e-03
-1.330037149915863637e-03
-5.034265533711934464e-03
-1.182306484685291623e-03
2.164795391242257949e-03
8.291685626642042103e-03
1.126133547607537436e-02
8.773252412049181714e-03
2.366946051430342951e-02
1.979063987731812663e-02
1.643495071424538878e-02
9.457213825898947226e-03
1.777986708438526048e-02
2.952042721146845919e-02
2.652021739909144957e-02
3.205497170343818425e-02
3.766118375703584459e-02
4.971058436283719295e-02
4.641565910031460185e-02
5.972512591678764970e-02
5.560206809133241140e-02
7.167163271934243185e-02
8.379749890667867462e-02
8.463498044822018174e-02
9.329118217172585603e-02
9.178123083715483688e-02
1.040499807303355284e-01
1.082690223126661494e-01
1.115328940630167381e-01
1.179004391100164639e-01
1.230521372447135747e-01
1.355152259571504314e-01
1.372385989170908371e-01
1.380962619808357716e-01
1.484818888598624653e-01
1.581669437060547467e-01
1.525381739733852327e-01
1.474150663306936226e-01
