2.900721954415041775e-04
2.514304473921313843e-03
-1.400525369808303024e-03
-3.964130740698479718e-03
-7.415313960952562948e-03
-1.176660810937129112e-02
-1.084307629880711978e-02
-1.465398475450943074e-02
-2.626471522319206997e-03
-1.045899720673109171e-02
-9.439914572833529513e-03
-1.547732968621851144e-03
-3.217161667368983926e-03
3.316245565425646191e-04
1.445574002501715015e-03
1.320290186020400911e-03
3.654512674171073085e-03
1.185798383932770185e-02
5.789143123317685991e-03
1.835220438199414161e-02
2.053251972680811971e-02
3.901675825831958655e-02
3.658117028951188981e-02
3.322272875227447880e-02
3.822624973953771960e-02
6.109916090170095654e-02
4.484026661452347046e-02
5.172397216625377464e-02
6.449440991261248812e-02
8.170591644773636530e-02
9.946099291785656660e-02
1.048688357458583964e-01
1.236284869873237879e-01
1.241430841617607028e-01
1.438515336875994532e-01
1.735288618430331498e-01
1.666471891087816515e-01
1.659597476393358251e-01
1.820366115536032336e-01
1.976548402925843162e-01
