-4.194278098097470320e-04
3.159597032071870433e-03
3.282882764563055215e-03
3.318933657652589544e-03
1.553307672562276353e-03
6.583790270244804245e-05
-2.325383109295842219e-03
-3.325312342970221206e-03
2.699533373655071782e-03
1.274702450340114979e-03
-8.518003915034811496e-03
-9.886515877250801748e-03
-1.191410049848293760e-02
-1.596396749448878577e-02
-1.569622764097538051e-02
-1.773306541208583692e-02
-1.015616949335580374e-02
3.013558131050331126e-03
8.124699094808817898e-03
1.902397203277139681e-02
2.170059126002676919e-02
2.395076905189199440e-02
1.537906893635785331e-02
2.398659353790755233e-02
3.239730749158731271e-02
4.205255563506824640e-02
3.817218199676197798e-02
4.002935344185019201e-02
4.144245998271643000e-02
4.120098689930777602e-02
4.511366255195490421e-02
6.480421347752596262e-02
7.016699657969489856e-02
7.701701989385086045e-02
7.024095749856229531e-02
7.011470477914087673e-02
6.577488859932430210e-02
7.278442856538661077e-02
6.893447482224601686e-02
8.267435700409180022e-02
