1.600572717450621241e-03
-2.527042578329474548e-04
1.137288280772263916e-03
9.846445850131501330e-04
-7.666621765545222900e-04
2.254632228542519014e-03
-6.632184063340318837e-04
-1.549633220217572173e-03
8.864928687492579576e-03
1.849377388822759372e-02
1.785993825668406171e-02
7.224506101696341609e-02
3.175469189986727947e-02
4.291397835832207186e-02
5.187317896935787764e-02
5.200238882333643037e-02
5.701052270455342352e-02
6.186958671901905682e-02
7.953184016800171618e-02
8.208001129220363068e-02
7.885449237728678340e-02
9.680754842220196110e-02
9.555359103681056177e-02
1.080603650801279514e-01
1.100984946203965309e-01
1.198318492874090452e-01
1.194276643172390295e-01
1.190990595605068564e-01
1.189796828338277324e-01
1.238278683107523620e-01
1.234596252765022967e-01
1.315028678824063380e-01
1.302561399160079847e-01
1.427663651955214108e-01
1.499619078857246934e-01
1.743140809632937049e-01
1.991174544408586544e-01
2.122569128919373216e-01
2.255023021614974144e-01
2.319689566784241264e-01
