-6.916680378117545875e-04
-4.890432922317166763e-04
-9.016332709501639897e-04
5.764457430878167305e-04
-1.183161976394497871e-03
6.591759781376715921e-03
6.464916499422023941e-03
3.784297948330461736e-03
5.493291882205930676e-03
-1.504831506416870555e-03
1.043658012177619589e-02
1.946165518557290211e-02
2.114135834766557240e-02
1.904793451062260917e-02
2.162577025627534372e-02
3.234910977125480397e-02
3.417282339084728310e-02
4.425053088738337831e-02
4.141908160310699138e-02
4.478311449703653579e-02
3.635000330418129699e-02
4.893447937322825680e-02
7.157754495990467647e-02
8.522003794993970871e-02
7.828691552392577635e-02
1.044687580892208756e-01
1.099900643411785978e-01
1.038365988877817669e-01
1.111930684286740190e-01
1.116165979637429445e-01
1.186237701758248164e-01
1.293252740858004957e-01
1.418146361732325889e-01
1.485318415977598394e-01
1.619960470878240300e-01
1.885149102694121948e-01
1.987129226691706774e-01
2.257879918549029752e-01
2.298459132230675495e-01
2.165824082587327892e-01
