-7.674797123731202659e-05
1.649193224224188123e-04
-4.490755535368151858e-04
-6.143089732301376888e-04
1.934221147255943407e-03
4.729657342203275223e-03
9.575880232567257275e-03
1.404147851614165853e-02
2.086496236028345663e-02
3.151949813536880640e-02
4.204495014504559119e-02
5.497946444772470326e-02
6.213160220891929264e-02
1.065987547358300674e-01
5.730615299703671617e-02
5.047021955444179475e-02
4.952600064664665347e-02
5.890799923889389333e-02
6.258118309407194324e-02
6.129142890667296090e-02
5.199438558015856415e-02
6.326310796163596428e-02
7.228648642141308200e-02
6.420456450174291674e-02
6.881149217685518515e-02
7.903322040554812411e-02
7.203653036223833794e-02
8.485457114002237233e-02
1.044577223684200334e-01
1.313595137976896754e-01
1.246705710127379574e-01
1.414414066653382207e-01
1.474838079853267314e-01
1.624960071163677466e-01
1.613939575513438085e-01
2.020843015410214716e-01
1.595579166323730647e-01
2.192050858986007711e-01
1.881426003261403024e-01
1.864969055429696598e-01
