-1.650113247871587332e-03
-7.862468439204129290e-04
9.445303104096858682e-04
3.103603887105954584e-03
2.071498741972099876e-04
1.117037548884169864e-03
1.083701550885027808e-02
2.039293551548731001e-02
2.211850253706870717e-02
3.056236334717077341e-02
3.407579403482739050e-02
3.460134257065554386e-02
4.134553337805293299e-02
4.115959626759675694e-02
3.631769585218123236e-02
4.539334250387696418e-02
6.703904101199534282e-02
7.081019051239109685e-02
7.199029235806335414e-02
7.506751435236651282e-02
6.871535253431453050e-02
6.351562819005493465e-02
7.106432939968136686e-02
8.102108964284866766e-02
9.497207233317225827e-02
1.011299280050170779e-01
1.093628492304155458e-01
1.097485550609874905e-01
1.216704968349887339e-01
1.220652069376374216e-01
1.158493237777229040e-01
1.141986749658734368e-01
1.292287131936191713e-01
1.490755102954025857e-01
1.647933355211595452e-01
1.635544406261022488e-01
1.823757681931631736e-01
1.808454103946473823e-01
1.781958256855631362e-01
1.998413006910801926e-01
