1.742474453211761889e-03
1.671281724037498948e-03
1.709664665811416696e-03
3.559717251889349225e-03
-3.717561627043863750e-03
-2.214333046976335768e-03
-5.731607914466608014e-03
-1.761364705104817487e-03
1.367838853314218240e-03
-9.711149011211617655e-04
1.037577677901619852e-02
5.142000651305522405e-03
9.622220579986162300e-03
1.953816389238767146e-02
2.848734899043527807e-02
2.418175541124050268e-02
1.343104008161439752e-02
2.586585749921255228e-02
3.479511718411352345e-02
3.864692456636902029e-02
4.074287224401373919e-02
4.464271190444328574e-02
4.616726485232476584e-02
5.592890485680150625e-02
5.232942152359498778e-02
5.601190851876260840e-02
6.234428252685937644e-02
5.856446935983541241e-02
5.810396903493639936e-02
7.122627891600714911e-02
7.654999105097175238e-02
7.480213954565577417e-02
8.088563503100694441e-02
9.904921808908753733e-02
1.000835494467690323e-01
1.164893387942513014e-01
1.220431826648535889e-01
1.275169379925173985e-01
1.410794472995085813e-01
1.340846940558108602e-01
