3.226658319935049677e-03
2.650472633944023215e-03
5.239344766503961810e-03
8.450957879271924628e-03
1.622952023833947738e-02
2.063990463813301229e-02
2.340091169826319373e-02
1.213178376408325862e-02
1.009067463124111406e-02
6.674931866139921337e-03
7.098977248108262472e-03
1.317830559459380949e-02
2.980300047185906534e-02
3.214049881014382354e-02
3.421454802812782386e-02
2.623372479829768483e-02
2.170711267019598267e-02
3.574714116977659867e-02
3.769330853119754604e-02
4.349019278092036700e-02
4.083610652720111311e-02
5.111431646200479545e-02
5.455217861198562168e-02
7.088982658620750221e-02
7.771425618151610315e-02
9.226067455819730867e-02
9.703718978635436643e-02
8.344584355757120320e-02
8.418437641636877800e-02
9.388383140864924037e-02
1.065072367378448320e-01
1.023332123111128367e-01
1.154066819920959858e-01
1.065232338230934772e-01
1.201583556844944695e-01
1.453609641180392542e-01
1.459873235639548850e-01
1.470463662195733434e-01
1.390764492207232084e-01
1.456012636599623988e-01
