-1.512475443753436011e-04
1.341998905199437387e-03
5.202421486068598173e-03
3.227118310706078661e-03
2.982754203252646705e-03
2.137047691909010980e-03
-5.174995480505195471e-03
-1.143631018146642510e-02
-3.898927601579771189e-03
5.089870778238747562e-04
-2.738691813881288881e-03
3.986054197121546676e-03
-2.013326451357500164e-03
-1.836433894965949819e-03
-1.710629376766803435e-04
2.322166149955862038e-03
9.380853523839504521e-03
1.676166694367004981e-02
2.663710343216614193e-02
2.886947359719407163e-02
2.917066819767626454e-02
2.948669992215719945e-02
3.271795115479143867e-02
4.491383165603366617e-02
4.475985559499910671e-02
5.108979893745200368e-02
5.867916422834973389e-02
7.387741687159418702e-02
8.477452688003843384e-02
9.646382565197093861e-02
9.600029598839832090e-02
1.119640608901466550e-01
1.266124851142017005e-01
1.419304674251424814e-01
1.461043928697662864e-01
1.276639114863034052e-01
1.469161581751297629e-01
1.545097645072736614e-01
1.522874216308025552e-01
1.636954642983603492e-01
