-1.600202054361932278e-03
-1.860496425901603159e-03
7.876392726466008298e-03
1.075074452433693109e-02
9.729406224902436423e-03
1.301717696729909335e-02
1.044846975420181748e-02
1.712972193474637805e-02
6.631601515980634076e-03
4.412500417832631965e-03
4.712856522577979664e-03
1.505739537938115616e-02
2.169601243779624086e-02
3.136841439124360420e-02
3.906709040619489592e-02
3.073972495521850451e-02
4.827144864912895350e-02
5.569474410771100420e-02
6.743790292292110855e-02
7.264089964703863977e-02
7.325333874289938207e-02
9.920991007597557143e-02
1.005585891422978023e-01
1.511561133169827542e-01
1.001865375890474696e-01
1.109316391894232395e-01
1.172700780084973415e-01
1.132971590110827265e-01
1.272619838819060989e-01
1.316990629456348816e-01
1.233736388853799298e-01
1.293230630011468207e-01
1.306678830053641660e-01
1.347461054196155972e-01
1.342524813502212200e-01
1.258613693289909463e-01
1.336458704758697880e-01
1.418191592049765914e-01
1.376914705126900118e-01
1.505788658492491494e-01
