2.406414625146768935e-03
3.168573680645137090e-03
2.894801850440398457e-03
3.761731667883250370e-03
1.793239088672837810e-03
2.241501390653155568e-03
3.195908573929351435e-03
1.980638743621021373e-03
1.034191519565652584e-02
3.451973015728171477e-03
1.016472988628525087e-02
2.443026832516430671e-02
2.669433131672285103e-02
3.910667364540713897e-02
4.714711437382881204e-02
4.217317773938837611e-02
5.818357262823319054e-02
6.108122063431586923e-02
6.885089261391250104e-02
8.441858978755796550e-02
8.737185525445738399e-02
9.427899206464829263e-02
1.018366462664264532e-01
1.134124604745320453e-01
1.096459484650843252e-01
1.241849146676866356e-01
1.172733789035809993e-01
1.435442576168096396e-01
1.518227040905923420e-01
1.456553794343339037e-01
1.425494118247925823e-01
1.661644363058371598e-01
1.701154753935853192e-01
1.775651220691870091e-01
1.888610951974651897e-01
2.144012966040524104e-01
2.049765073154531936e-01
2.197505541564048204e-01
2.152002811553238304e-01
2.290835653062266997e-01
