-1.111883997651674739e-03
1.478693589526436456e-03
-2.143530241477087286e-03
-6.143527207278775930e-03
-3.607927804689126019e-03
1.684242109732991865e-03
9.758138763006485653e-03
3.462855543724962983e-03
4.141341946017185367e-03
1.361036639229524711e-02
2.735320849845894811e-02
3.707749711191343778e-02
3.795591344693320657e-02
5.002807699797813534e-02
4.502311906278002457e-02
4.800922587214699611e-02
4.841126437418417222e-02
5.026523430173845952e-02
5.252371671515732032e-02
5.518278616625842126e-02
5.646059273271575307e-02
5.328899107260163387e-02
5.261155147296179418e-02
4.783061504930827962e-02
6.319093583782198209e-02
6.363024567065381221e-02
5.921362276391306523e-02
6.160346828667826596e-02
7.329296775055418878e-02
8.734735315855815529e-02
9.151249219949626756e-02
1.014481905373298132e-01
1.023710326814789850e-01
1.164654408210981928e-01
1.204898851605182841e-01
1.185001021557749168e-01
1.066651902473957081e-01
1.155567412783660985e-01
1.345487401723275411e-01
1.309216803676434837e-01
