1.577650013895004390e-03
1.520850921137340038e-03
3.426517518901483865e-03
6.931547653068292729e-03
5.310572564504312601e-03
6.338115700131652375e-03
3.266703136780613019e-03
-1.436522085916180826e-03
-2.286844988083736041e-03
-7.283442670396311595e-03
-1.073669882987537960e-02
-1.257083061815347270e-02
-1.946218438676190418e-02
-1.298298908617390168e-02
-7.136226571926584938e-04
6.750424441342772752e-03
1.348058886669285458e-02
2.514981467529509018e-02
3.404458127334066692e-02
2.994341961484892067e-02
4.776471632353533614e-02
4.575536621191460263e-02
5.760402465403942351e-02
5.472715064236908372e-02
3.932163952672702856e-02
5.769417554762554939e-02
5.531777533405950187e-02
5.815501881717004273e-02
6.250393034629198041e-02
5.213334308472141604e-02
6.123303674022650966e-02
5.585360841214139643e-02
5.581502440980799090e-02
5.920082914703357624e-02
6.673928518604306526e-02
6.314205901733131732e-02
6.959020908809279704e-02
7.683933769839583483e-02
8.027096276125859908e-02
9.060188139729560830e-02
