-1.078114606323410342e-03
-1.841179930033298717e-04
3.174422584298408796e-03
9.792228838148897552e-03
1.580863278612349918e-02
1.934371076046961097e-02
1.144807733796362505e-02
9.699352444360088282e-03
1.125587245409267502e-02
1.852912911733533077e-02
1.843002961430251219e-02
2.461108709388604154e-02
2.719191727044290019e-02
4.084063102893580044e-02
4.356505892650090750e-02
4.824851839359815819e-02
5.363223063507795846e-02
5.004197161954308803e-02
5.449084505472541473e-02
3.581703520285408476e-02
4.488589609889821752e-02
3.838403374754264380e-02
5.252685816681186559e-02
4.586224370580467558e-02
4.491998518307020738e-02
5.142278471814876184e-02
5.062300321453996194e-02
5.364384243559392612e-02
7.763363841076689753e-02
8.828180555942566343e-02
8.946382431744730190e-02
9.143623708771783654e-02
8.728261509031617904e-02
8.914394633251809807e-02
1.045079251313822538e-01
1.175318370925346328e-01
1.302742080207885123e-01
1.418895745183924306e-01
1.456100141600820963e-01
1.587623831730738400e-01
