7.195986744527483204e-04
2.700668567577757615e-03
-4.781468022203761055e-03
-7.479308242185655695e-03
-9.134884199205828281e-03
-9.053129879642440522e-03
-1.697617295714586375e-02
-1.381196161163824633e-02
-1.323816867501399416e-02
-1.489139866412649872e-02
-2.065727242771569008e-02
-1.152042979746656891e-02
-1.052981753232593541e-02
-1.265754147615787487e-02
-1.141317700363586596e-02
-1.863360300563954254e-03
6.262818739024566552e-05
9.976422937247875211e-03
1.659356309031245758e-02
6.113806726258843444e-02
9.222718035209709689e-03
1.398117941059311489e-02
1.454379471410547318e-02
1.464947840552746107e-02
2.496756687264536229e-02
1.443707592305685204e-02
1.616623431210335513e-02
2.725369244629121182e-02
4.314009605778572343e-02
4.567206235305256573e-02
5.062181783237384991e-02
5.124420974393899264e-02
6.779747433280185198e-02
7.774367463901085684e-02
7.409644323092194618e-02
8.019302771889798287e-02
8.316362085904742407e-02
7.681251134513331080e-02
9.839900355819608535e-02
1.155814595473152878e-01
