-2.461319255756522304e-03
4.913522672041814371e-04
-3.576728282897789551e-04
1.924892500863784137e-03
2.144940167835418434e-03
4.201321509726163236e-03
6.379935485140464033e-03
1.955464321912003638e-03
3.278082052203146191e-03
-2.402563949527625285e-03
-5.400499040686135462e-03
5.979709007373657393e-04
1.034783331223110281e-02
5.774684870200275100e-03
1.480139931866268979e-02
2.759054588923213341e-02
3.662905759028838026e-02
4.006816310286218791e-02
4.483713169872736298e-02
4.587279402749011581e-02
5.372344184574231324e-02
6.391776997628113854e-02
7.382702808806093642e-02
7.610874964412736587e-02
6.824200485046887088e-02
7.374359123689230855e-02
7.448744409548595236e-02
1.191154611574475608e-01
7.942938569605359489e-02
8.189471272818985015e-02
8.550401776138442933e-02
9.862981040676466193e-02
1.113053334678756612e-01
1.106564508331782520e-01
1.103468932590843110e-01
1.202501708229995331e-01
1.187257173045566105e-01
1.150858908343906223e-01
1.205154699634675836e-01
1.277291285954795796e-01
