-8.133040250963840818e-05
-2.362218260492099308e-05
2.810758996302542643e-03
1.394508855116427569e-03
3.240220762551970606e-03
7.803670514787697243e-03
9.778973344734076187e-03
1.020431557207359709e-02
1.408351209601299558e-02
2.450032107707027576e-02
3.624325559164827404e-02
3.719016020397401118e-02
4.700262592823491875e-02
4.831320752508432015e-02
4.579222289493038722e-02
5.222739800081584172e-02
5.222311812528026426e-02
5.738718560586164585e-02
5.199361672834399567e-02
5.468484593366582797e-02
4.800643051623794400e-02
3.350137928724628011e-02
3.808739160125647338e-02
4.377322370586824579e-02
4.572327537458207442e-02
5.261308166846809936e-02
5.649467064520585780e-02
5.496748224306813313e-02
6.488374479261196925e-02
8.021291537932846716e-02
6.349149687492676442e-02
6.027031889597402742e-02
6.968792188566474977e-02
7.095752415612430197e-02
7.752722392268225626e-02
8.737627718280371880e-02
1.020087886258430332e-01
1.290979746866177946e-01
1.225591690833809366e-01
1.235847545097918526e-01
