-1.040597354633687743e-03
-1.025132795408056907e-03
2.709183365465683748e-03
7.525288774449911521e-04
4.445576359386471665e-04
5.731992882436643278e-04
1.292737825008885046e-02
1.848503216372971922e-02
1.845200432092291079e-02
1.580816416507335731e-02
2.634658995864214148e-02
2.174115269384841939e-02
2.158239510845945050e-02
3.046703460761364043e-02
3.529860104051855962e-02
4.300523960513728816e-02
4.358355784830649643e-02
4.506701953527425530e-02
5.250908755110721138e-02
5.864069577666661953e-02
5.975057893840265283e-02
4.898168215543776544e-02
6.596142975120855567e-02
7.281656504430067400e-02
8.534766840661411891e-02
8.981623866650637056e-02
8.993465947298844021e-02
9.086242207377885627e-02
9.071158086405901877e-02
9.992309572725802114e-02
1.155452304676135300e-01
1.245908068661090995e-01
1.336044772860052743e-01
1.393928488667242616e-01
1.646736624791945158e-01
1.610056964664863810e-01
1.523281353262930793e-01
1.550800778144349468e-01
1.580641352292104784e-01
1.576566486262144795e-01
