4.357517721323311724e-04
3.159155825907378375e-03
6.234694222681014079e-03
2.493292995014595274e-03
6.112655596689364410e-03
3.851999155134499912e-03
5.025945628097261246e-03
8.174527839746658503e-03
1.423682606734573072e-02
1.780323821617848384e-02
1.567085096933045277e-02
1.900595939291527259e-02
2.311614310278784640e-02
3.413497797425683877e-02
3.975822135892172898e-02
5.757678717651089351e-02
6.274340225364341550e-02
5.816056690784634359e-02
5.790307390750584066e-02
5.631074740237203280e-02
7.666688780179775620e-02
7.474101930365470436e-02
8.046718876332654979e-02
7.712405863015661667e-02
8.368223576551762910e-02
8.546826345270730485e-02
7.895727548675850194e-02
7.165264750155878049e-02
9.323990334329615437e-02
9.532588787458813606e-02
9.475905916237117865e-02
1.133994085068135149e-01
1.034636501546913195e-01
1.001339994276619905e-01
1.079423644691431122e-01
1.078769847802050208e-01
1.222402500537526776e-01
1.465610685671677460e-01
1.535840600679065915e-01
1.578837660059747294e-01
