1.409269160180670697e-03
4.318825110052548766e-03
3.309726565897363939e-03
1.352030118995717302e-03
4.511162141836244990e-03
9.344494828573957773e-03
1.150092591730764689e-02
1.380722446890167952e-02
1.407311522433580750e-02
1.503679485720752461e-02
2.767473084422000795e-02
2.785256074429422884e-02
2.269823065800373810e-02
1.137777850160013281e-02
1.122562029003049133e-02
1.317500552682915327e-02
2.577104420001745735e-02
3.856829485286503850e-02
5.705257710950313588e-02
6.335147821950001812e-02
6.754166466048942830e-02
7.149268371553781087e-02
7.615388581964097070e-02
8.715072758400914388e-02
9.704636720331442923e-02
1.056739564585949809e-01
1.082605069313007790e-01
1.141074227243933648e-01
1.285029623577934044e-01
1.466643461139341409e-01
1.579122135421172912e-01
1.744877332614855336e-01
1.760931096091429282e-01
1.797249700740564948e-01
2.093833681303809979e-01
2.105564120515584503e-01
2.139506259385214604e-01
2.237048410148005928e-01
2.234710828642839375e-01
2.313427418065188701e-01
