-1.175541962707082834e-04
-3.949075790803391328e-04
5.705105929003995505e-03
1.649723897727994773e-04
-2.485975048283073363e-04
2.799434150001544989e-03
-5.302518321732918941e-03
-8.409642799453821010e-03
-6.031004403227235855e-03
-1.657906288799875297e-02
-9.324647230808303169e-03
4.880241448661948203e-04
5.235216913426654628e-03
5.839419922154221246e-03
6.784698823636858833e-03
1.340177588038997739e-02
2.142181714097297560e-02
2.242928606455798363e-02
3.295123038429146473e-02
9.714288066674825126e-03
1.453640820150923184e-02
7.330067942007190140e-03
1.208754073365447823e-02
-2.129620011750432695e-03
-1.018704298427017783e-02
-1.827959661572258268e-02
-4.303289471271653718e-03
1.335197660401874452e-02
3.659624240640546589e-02
3.890133176499581402e-02
4.052657607140730534e-02
4.515408545074137830e-02
3.765801185761397107e-02
4.748616901836264642e-02
6.789745350862688711e-02
8.075799934765584553e-02
9.957758095728549974e-02
9.986180718309825566e-02
1.042598701906769093e-01
1.246550920613422875e-01
