-1.559554908630644788e-03
-9.001627677081014411e-04
6.733196455039446981e-04
-6.176684446717217898e-03
-2.501073852302049174e-03
-6.218201300015912744e-03
-1.265353046946415816e-03
-6.033891787544298432e-03
1.508337737236331664e-03
-2.306092373891033189e-03
-5.267095371650931668e-03
-9.775065981852825922e-03
-1.111298496860335661e-02
-2.236319490102402913e-02
-2.565097089168091177e-02
-2.091049524069461471e-02
-2.336790839710047724e-02
-1.324184812390747333e-02
-1.405792899108995221e-02
-1.471531629716977749e-02
-8.311391364159703156e-05
3.494915490487571046e-03
1.735988150545573344e-02
3.104554993988273455e-03
1.295915474132414234e-03
2.509452251032939785e-03
-4.115954928091980665e-03
-1.067090977518390070e-02
-7.775193962147852397e-03
7.962807123538695464e-03
3.040091588418256802e-02
2.780548176202230978e-02
5.860633311906191661e-02
5.584880629901256555e-02
4.884135054773430795e-02
6.981087248612709295e-02
6.646396828697405390e-02
7.128783613936562347e-02
7.347171149550817126e-02
7.615417908253689638e-02
