1.374113297881773875e-03
-1.820430473258616375e-03
-9.582307748843277837e-05
6.170571793848722564e-04
1.846981218566234916e-03
4.344177044398911045e-03
3.073540279207165240e-03
1.765393367637635479e-03
1.706120405838440534e-03
1.164309802480723022e-03
2.272351599014399426e-03
9.363462132940369997e-03
4.416313825791817575e-03
2.596264182287200128e-03
-1.613477954112596427e-04
-1.287552885499465604e-03
1.192839157168137411e-02
1.035584141149961147e-02
2.133005830222955979e-02
2.573392941680090543e-02
1.977772831956450122e-02
3.178635247192964502e-02
3.310123625599601521e-02
3.325713473095533168e-02
3.688245099190971821e-02
4.151496035530932716e-02
3.523369066597119292e-02
3.752635356245050818e-02
3.695266080811343556e-02
4.437495086500291286e-02
5.822213719421291678e-02
6.350922775549179555e-02
7.373876881882387990e-02
7.780588480082037406e-02
9.935656018215191509e-02
9.765939654334161724e-02
1.085204966704864660e-01
1.180876509133760577e-01
1.129074908867103433e-01
1.151906711902874747e-01
