1.324999784784575097e-03
4.733282131389193910e-03
4.917514756521690344e-03
8.252813450498486941e-03
1.019116414622338665e-02
1.427848624378214026e-02
1.619207478828244007e-02
2.420657379249622349e-02
2.987792832091660383e-02
3.144953874984910552e-02
2.971462377111446646e-02
3.633257397912111053e-02
3.622430342046172036e-02
4.051826561016547146e-02
4.247721487052409650e-02
5.722471280385051096e-02
5.683553202433415386e-02
5.882912868970251175e-02
6.597783603316535739e-02
6.029332516902705802e-02
7.003453475189509725e-02
8.821184793868681873e-02
1.022872975965157111e-01
1.045788162099949431e-01
1.076165403731344783e-01
1.114922231719958773e-01
1.074632129048694595e-01
1.137474141921863691e-01
1.165234526837920781e-01
1.158592530051691938e-01
1.141175561653650361e-01
1.269300894216957576e-01
1.347866490567728448e-01
1.361069134866323138e-01
1.480375558856469043e-01
1.468925070694098167e-01
1.457199122670157776e-01
1.643928163361010886e-01
1.702035201394231367e-01
1.739788184121806580e-01
