1.357080021166034945e-03
6.098558852889901950e-04
-5.222393379000234495e-03
-6.967016438073870069e-03
-2.067303272488363406e-03
-6.042161111450283784e-04
-1.446726277140797465e-03
-7.814763159204929149e-04
-1.220481049395694172e-03
2.708284040342867540e-03
8.051688475150698288e-04
5.068558119882738203e-03
1.087710637495114055e-02
1.701303559914961808e-02
1.363709314832881568e-02
-4.260747568626044313e-03
-5.492347007882614554e-03
2.704881608850584658e-03
2.143883602833511828e-02
3.137268283735146490e-02
2.610953236423050466e-02
5.401881774216441695e-02
5.737044664625159246e-02
6.652327294102171329e-02
7.153386791990498650e-02
8.760933955187581723e-02
9.497651039825746877e-02
9.838036906257272007e-02
1.542989584115933011e-01
1.170807920642850802e-01
1.380642390516676754e-01
1.380352939390913636e-01
1.527751539837648720e-01
1.527570504674614082e-01
1.742425015837529290e-01
1.698041207611296899e-01
1.716874950058851768e-01
1.594319248260276933e-01
1.712107227595588144e-01
1.739209651061372486e-01
