8.839463119036050859e-04
-8.555036353095957008e-04
2.262834055400730958e-04
9.557532727754392216e-04
2.013510144532748656e-03
5.399066805395591039e-04
4.669700221799288724e-03
2.130591042512008872e-04
-1.457330053685268424e-03
6.143327306227064181e-03
1.072778169533563676e-02
1.780439275735243992e-02
3.002702589370613920e-02
2.504090143795281026e-02
7.436409231537836895e-02
2.165167953545790031e-02
2.644702218249754891e-02
2.474735652168220598e-02
7.868694275304655150e-02
3.344142769245195268e-02
2.810190556404386017e-02
3.292082914646883574e-02
4.686623743908100576e-02
4.330562926252987804e-02
4.806724841618929822e-02
5.877978363079527924e-02
6.979732862413143279e-02
7.623987860269317018e-02
8.907711023762451830e-02
8.570264722130253865e-02
7.696087511089758082e-02
8.995681922846934797e-02
9.814493834854047527e-02
9.768033236057541147e-02
1.054570074686335401e-01
1.106358271231997065e-01
1.229795322752430253e-01
1.265130289584057155e-01
1.249924405509069969e-01
1.235590358009268641e-01
