-9.382979766843435815e-04
4.939608438697007820e-04
-3.450190366596839371e-03
-3.645609624659851365e-03
-9.143427496439215235e-03
-4.537752241756187917e-03
-7.679882260102566076e-03
-7.595033719540111687e-03
-1.338166064434744874e-02
-1.174471308547619941e-02
-6.158583432229747245e-03
-1.024186370313593351e-02
-8.815012521001363687e-04
-4.748418445292302073e-03
1.206574970607832142e-03
8.424062760651196066e-03
2.097115394252568876e-02
3.037330758735201641e-02
2.391457050633292308e-02
2.684063821242865799e-02
4.065206578895264045e-02
5.048492524577809920e-02
4.919091358202862946e-02
5.713128632207649382e-02
6.322059288557184409e-02
6.151595544447516911e-02
5.262428396682565512e-02
5.210648216614046507e-02
7.159531789999959428e-02
8.855261452870735739e-02
9.176485406013376589e-02
8.043670354618157048e-02
8.399767837976704343e-02
9.940464290512700252e-02
1.092722209766439079e-01
1.262497353061114436e-01
1.306588161231687084e-01
1.449669320506146164e-01
1.640413625481620952e-01
1.656009575040911785e-01
