7.434782613871204976e-04
-3.531956178326467466e-04
6.496156519834617518e-03
6.847542406095819163e-03
8.742330934802478026e-03
4.378399219824835251e-03
8.047288258048190118e-03
1.408768290348802986e-02
2.604141317783810125e-02
2.859447947668627282e-02
3.628309994072598244e-02
4.139269840319510785e-02
3.881420428118183275e-02
3.771813611030161439e-02
3.250022916839157006e-02
3.165036483912189030e-02
4.564407549406084008e-02
6.088508571811956926e-02
7.883705929994455630e-02
7.509525533270604292e-02
7.125376421800773408e-02
8.358161413206062484e-02
7.925908005106521714e-02
7.216915653723603163e-02
7.792555921620838988e-02
6.703869297457529242e-02
7.251968950027105898e-02
7.981152254637535748e-02
9.565773809453617660e-02
9.197804403975276544e-02
9.705156780056753418e-02
1.081464157837999096e-01
1.143105218210472146e-01
1.311493811092045436e-01
1.300423790618850661e-01
1.443431234763544180e-01
1.495180742776618388e-01
1.662750344076357467e-01
1.740240930089051175e-01
1.699721268357009818e-01
