-1.189425402398725049e-03
-3.112481377979126138e-03
-5.222663453064946455e-03
-1.683936534515861937e-03
-1.846512811379330500e-03
1.877271031873206566e-03
1.329775648625464157e-03
-1.081590943904409173e-03
3.017647710491822097e-03
3.902525826388903059e-03
8.162363472393963310e-04
-6.651751878255396811e-04
-1.482801348873863346e-03
3.564523012265397028e-03
9.812076681030745123e-03
1.963628320063683791e-02
3.351316682515274870e-02
4.481914102663253630e-02
4.631925917080152721e-02
5.918732642584494108e-02
7.010559082578141088e-02
6.809955779532828046e-02
7.446970109046766040e-02
7.802037202072079070e-02
7.938705526927769540e-02
9.090774467566511974e-02
9.218200140746475590e-02
9.929269203028497082e-02
9.609951697055692243e-02
9.434343510219740658e-02
9.848761483883769485e-02
9.005706663870576001e-02
1.010720942257947313e-01
1.055467857938253984e-01
1.034438024333628192e-01
9.846631235632372081e-02
9.770224524247198006e-02
1.124122759622139256e-01
1.183949910994321897e-01
1.369638865649683568e-01
