-4.070301221842376194e-04
1.020331597081192187e-03
2.673143661323784583e-03
-1.897547450044534487e-03
5.124173198468096220e-03
5.457034971932372622e-03
5.997041142376957276e-03
4.874620883967928017e-03
9.373687414924170014e-03
1.041873452183210771e-02
1.449518936596234583e-02
1.639876247854132885e-02
2.092181315156942459e-02
2.482410537887993346e-02
3.410166539794197427e-02
3.758995069056716293e-02
3.791567867299257266e-02
3.957492682675223250e-02
5.376766249354041072e-02
6.395504888603156801e-02
7.010728729857937380e-02
7.077494787635388307e-02
8.023067481031347092e-02
8.586951923400362729e-02
9.656530675056096413e-02
1.101843598223897630e-01
1.200012092538184361e-01
1.132453124504948505e-01
1.169511138021992053e-01
1.220923360069367247e-01
1.216749530581914540e-01
1.202317419669057530e-01
1.234994355422912859e-01
1.365851542321930567e-01
1.448338793666771041e-01
1.515320857771179364e-01
1.644517353753343625e-01
1.668404301890077934e-01
1.635865325452257879e-01
1.606203150037771310e-01
