2.380367475728783935e-04
8.188343184268199060e-04
-3.023448895161706456e-04
2.169970459292791477e-04
-2.097458496041149035e-04
-2.902635520246121988e-03
-9.830117299127749675e-04
-1.660267912889778954e-03
3.452986320986717143e-03
6.348079144432893992e-03
8.229889346383245652e-03
1.757215626369159484e-02
2.488918143666794119e-02
2.912487273616832725e-02
2.621068170712952464e-02
4.482767752208154100e-02
4.586325742480105994e-02
6.294732561340943278e-02
6.857910803383013287e-02
6.825799036071238113e-02
8.300660509544961763e-02
9.126066291737870706e-02
1.029564262233815669e-01
1.090975802791998434e-01
1.113694555547088128e-01
1.019472507711935150e-01
9.868436121962993746e-02
1.048318155761766290e-01
1.244750159981926202e-01
1.231087659305487164e-01
1.258579071864982524e-01
1.228684334351594770e-01
1.279669383347016576e-01
1.344006528988227755e-01
1.418958439369411850e-01
1.400139716226604381e-01
1.357181295444384317e-01
1.599218997546948684e-01
1.599064163488136958e-01
1.665226248349441218e-01
