3.652635153391425643e-04
-2.004740877258948291e-03
-6.042425638854709291e-04
4.846352421429500623e-03
7.159672565600416934e-03
7.084934920401586740e-03
8.056010032080073574e-03
5.120690193078658754e-03
1.062918307475868573e-02
1.343320301378607765e-02
1.533255842709575420e-02
8.726612489290986110e-03
7.488831170814691865e-03
1.319230436489746659e-02
1.213352596926604507e-02
1.407128338741401273e-02
1.875883992601252645e-02
1.962255951460107825e-02
2.003505447228377465e-02
1.695467259563478851e-02
3.532667113911145546e-02
3.482154298573867518e-02
3.565999692984398589e-02
3.916861257074764208e-02
2.925372994781163388e-02
3.661920233307505018e-02
4.059025961826599055e-02
4.055892972149699460e-02
4.591096348720924425e-02
5.675456648087191802e-02
5.616327589062599518e-02
6.919755587227811866e-02
8.119717202837080372e-02
9.730294332644859323e-02
1.097282912618759154e-01
1.008585496041938256e-01
9.784651208092469410e-02
1.031804943773664690e-01
1.103761755422247859e-01
1.200760616063938357e-01
