1.025210943646781515e-03
-2.020395405727138001e-03
1.833315122147460786e-04
2.512768673000031865e-03
7.246035665112416160e-03
1.503173143479550299e-02
1.105998699024475160e-02
9.303303982676957781e-03
1.607141277007091348e-02
1.479251737888898077e-02
2.508639223189792350e-02
3.058663680604141108e-02
2.994958516978911758e-02
3.554910901338956958e-02
-2.054422268799456150e-02
-8.455239947505788917e-03
-9.255316589259977161e-03
-1.165469548951634203e-02
-7.566822108297089136e-03
2.680522031477039577e-03
5.780554562339191085e-03
9.328923024080282289e-03
1.603217764552091612e-02
1.875249997051753326e-02
1.040741519259924530e-02
1.795282669733744285e-02
1.770146309976361465e-02
2.570177062517409183e-02
3.023490420234722226e-02
2.806096907448960703e-02
3.856602862897880180e-02
5.024849815195260583e-02
6.297003093003609997e-02
7.021422985293419849e-02
7.210208633489471886e-02
7.334612567493437041e-02
7.540816593594215633e-02
8.850803334486272156e-02
8.838869389360440310e-02
1.079213703620418158e-01
