2.396773045210776141e-03
1.605128173154302031e-03
1.548921691775984131e-03
1.094009488336311620e-02
1.116134496362155594e-02
1.280828895374259632e-02
1.675751117347577118e-02
2.008668232707009477e-02
2.368774510051210175e-02
3.334666429932440362e-02
2.817866145973173600e-02
2.799435170608060089e-02
2.429853498459237995e-02
2.648671305206455953e-02
3.050048325384722286e-02
4.076479758690645244e-02
3.569225450248225684e-02
4.200213485602546232e-02
5.817692404895922348e-02
1.113777430342082625e-01
7.660576762011786500e-02
7.982730258543035973e-02
7.800501323456429659e-02
7.746676347419204078e-02
8.552217002949688562e-02
9.814672581704150800e-02
1.115108326953404144e-01
1.215633137436064742e-01
1.280134755447356609e-01
1.141720221726472972e-01
1.346764247012472993e-01
1.497798782721794508e-01
1.556591678208263940e-01
1.508684936903250673e-01
1.620225764282128833e-01
1.744210978630693631e-01
1.841514216988819896e-01
1.746602483051013510e-01
1.836358836742903178e-01
1.864138616651722091e-01
