-1.055574695962624486e-04
-8.369923033753501763e-04
-1.233779039920079781e-03
1.280529769512295333e-03
1.112197584678753428e-03
2.059979242344844690e-03
1.577583189080122893e-03
8.318061348367145752e-03
1.043603950354086117e-02
1.900730267102552704e-02
2.522816312492981439e-02
2.992417491221548501e-02
3.245129367928249742e-02
3.604268592219064121e-02
4.607296227927193399e-02
4.487468963826017621e-02
5.253797386068193020e-02
6.924148742128757861e-02
7.138111146423717357e-02
7.558492734444399730e-02
7.857573957888704108e-02
8.570218057729235561e-02
1.031817525960757875e-01
1.001568867573752186e-01
9.993236851448443481e-02
1.138596665674501962e-01
1.106723194684967326e-01
1.255903212281598569e-01
1.316280201593546251e-01
1.426776756741009733e-01
1.448760177662752058e-01
1.583434019702760764e-01
1.545004585248573592e-01
1.700565957642719839e-01
1.810673259262244872e-01
1.931752524358771039e-01
2.010216950426528260e-01
1.955443919987263912e-01
2.009591007328133117e-01
2.034754774004809974e-01
