5.576296291017080343e-04
4.000905593446501922e-03
7.885072196124198393e-03
6.828704142889652044e-03
5.623670242341649236e-03
5.780309653074837406e-02
1.036638939218637034e-02
8.056502544539689489e-03
2.117896365998106489e-02
2.800721285690315268e-02
2.992476054783867884e-02
3.050089242334817069e-02
3.409558089812740611e-02
3.666280114143490032e-02
3.826778304196309932e-02
2.871773466556710661e-02
2.807500550159396438e-02
3.947206425022180276e-02
5.177962139138188313e-02
4.725013222666696322e-02
5.182012994744340795e-02
5.920526510135566689e-02
6.591124344653280509e-02
7.412194738721353260e-02
7.755412192541336069e-02
8.105797009776764817e-02
7.880812239228625338e-02
7.701505079190233694e-02
8.480671051356339363e-02
1.000388810016087093e-01
1.036324861051991092e-01
1.643907806864447763e-01
1.281594882414349712e-01
1.419819914805941496e-01
1.628211924835305524e-01
1.653895850173675852e-01
1.590609618185197804e-01
1.703292445340657824e-01
1.736965014104292493e-01
1.877731205098648049e-01
