-8.415164388936524848e-04
-8.666215374547814538e-04
7.428948719554462343e-04
6.120027337101508272e-03
9.462147083857086818e-03
8.802389592426429835e-03
9.196364119048361721e-03
1.590597708658325615e-02
1.198972494461756320e-02
1.189709697967966662e-02
2.785358188652864529e-03
6.003018371594670555e-03
1.848168153449449708e-02
1.563010767141150698e-02
2.418608400475790246e-02
3.309317918299718719e-02
3.156291078696753238e-02
3.327255902800345388e-02
4.644398630951727253e-02
3.594529238174395264e-02
4.285227986926294641e-02
5.559376514221021914e-02
4.800264931759699177e-02
4.248324713196325458e-02
5.399503802962577620e-02
7.128955665677202957e-02
8.727192006754762310e-02
9.302894173457154636e-02
1.042551947908165744e-01
1.049214769059208380e-01
1.177767070138521915e-01
1.296227305427322674e-01
1.402980453569824815e-01
1.559175400499221154e-01
1.751723138225678156e-01
1.876790436031726128e-01
1.917274583522917963e-01
1.859733709416936109e-01
1.822888143761566826e-01
1.724936466111501032e-01
