-1.568174048907455863e-03
3.101233530217850751e-04
-4.079970568948709797e-04
3.821936012337978465e-03
5.902528678783802371e-03
1.302329857482487085e-02
1.560479994062955421e-02
2.143281044144735789e-02
2.297304235543897594e-02
1.938909351903976910e-02
2.422943604990184310e-02
2.371197599976983955e-02
2.943469951560438030e-02
2.881913884756421781e-02
3.255813413706860893e-02
2.597950799594777108e-02
1.078068113850321266e-02
1.277701087838920523e-02
1.716120287876030798e-02
2.794023541102035393e-02
5.033783863794063368e-02
4.977706766029683927e-02
5.503287099180624586e-02
6.040491610749185863e-02
6.190011738574767441e-02
7.872564696714867694e-02
8.407401449448954900e-02
1.043773220115983974e-01
1.116112509015316362e-01
1.165651115529978965e-01
1.194433324347457387e-01
1.375555478592279113e-01
1.485781254239562088e-01
1.743248758051166303e-01
1.930664576120577069e-01
1.980602466785398863e-01
1.993332730414479614e-01
2.069366410457057215e-01
2.111983689022920996e-01
2.136970227748079820e-01
