1.103425399097113322e-03
3.209640005788738561e-03
8.658729868270232180e-03
1.310494945513474008e-02
1.417007618262680103e-02
1.042006147033305331e-02
8.036127344025877778e-03
1.448919999307634113e-02
1.302420376961936979e-02
1.056977167120827163e-02
9.132665754831315388e-03
1.272932894137941348e-02
1.989073904757603442e-02
2.535295523222522857e-02
2.837462814703144501e-02
2.290132595844092053e-02
2.364520932347673535e-02
2.689892564167983835e-02
3.409626892229482287e-02
4.401665392556956824e-02
5.126104613541464239e-02
5.758550824763055548e-02
5.836363105125954437e-02
6.644409368990480957e-02
6.581285907191088136e-02
6.641698238455795433e-02
7.336992882104098612e-02
8.894447321963383501e-02
8.344450642082143488e-02
1.002662536973975421e-01
1.092693227513247961e-01
1.216141212328913923e-01
1.303274508090634387e-01
1.352143043762953911e-01
1.345854234838263497e-01
1.575655139520669989e-01
1.802791828755729853e-01
2.357458126527262610e-01
1.893209036602783724e-01
1.836844535768697995e-01
