1.114699697220133869e-03
-2.511243502587579002e-04
-1.250754692872924154e-03
7.076687837192530486e-03
7.542751339846454246e-03
1.406664713863445791e-02
1.996573813531412472e-02
1.325455055968767157e-02
1.408921056182439388e-02
1.190825986552894802e-02
2.148487808553376649e-02
2.697167795479025326e-02
2.753035599817579143e-02
3.437537303420441781e-02
1.899090956811981881e-02
3.070117756635326600e-02
2.857005765716351744e-02
2.737108525820381930e-02
2.236818111005938262e-02
1.939954306525954950e-02
3.563211534667302949e-02
3.773322110346022384e-02
3.290987981339519447e-02
4.953661850516653115e-02
6.034605666097227900e-02
6.525919342666205991e-02
7.180716564813742486e-02
5.797807090061866259e-02
6.080634280693679450e-02
7.676093874999381783e-02
9.647912708121886283e-02
1.063178555944730846e-01
1.034227184375950542e-01
1.014237263801650302e-01
1.206582994915002816e-01
1.175044103161599907e-01
1.221024219478010764e-01
1.160442143613252541e-01
1.191840362515378671e-01
1.327034675505565642e-01
