6.106693226140436515e-04
1.211006195577102405e-03
-2.379641009045041673e-03
-4.298881983832281324e-03
-6.407044993856825590e-03
-5.880746559008364835e-03
-3.664784299956380838e-03
-2.899938810157820512e-03
1.698905384237292494e-03
8.885060039821368388e-04
2.082734580745260189e-03
9.870262104822913676e-03
1.361707328480115178e-02
7.806873280279802603e-03
-3.664204129623982236e-04
4.212157035204810648e-03
1.934498596605181003e-02
1.285705940261117064e-02
2.248669323943666004e-02
1.421904349226146315e-02
2.339592247061688182e-02
4.352934308728641927e-02
4.987972591793195243e-02
4.631059900496374560e-02
5.789133597482241239e-02
7.718752804392750577e-02
7.762762882883862681e-02
6.738724413674894442e-02
7.843255843055559062e-02
8.291214004539178284e-02
8.904091801218036450e-02
8.466034428490906705e-02
8.640795750660253127e-02
8.773438203934916246e-02
1.003865714664946979e-01
1.023866438943688423e-01
1.003502647635535483e-01
9.550393377969826347e-02
8.261426732882171109e-02
8.338158099514245136e-02
