7.024481915613778110e-04
2.633134429546846091e-03
5.565797276167571816e-04
5.285994959813944058e-03
-1.307256446095461698e-03
-3.151363412262675294e-03
-6.754475874724441553e-03
-4.193334487236910491e-04
1.131754961665087846e-03
-2.851959936185899467e-03
-1.190256934694211566e-03
2.766123913085749477e-03
1.198893023860492279e-03
2.570605659018809688e-03
9.994566477838163002e-03
1.405010409201494850e-02
2.176488797796807123e-02
3.017223379794771107e-02
4.104668899364050105e-02
4.629769431322224016e-02
5.648709623780625438e-02
5.941081454839149817e-02
5.231364433157317112e-02
5.186535568791725975e-02
4.797237288566656016e-02
5.733839235197742135e-02
6.497094798343709676e-02
7.425605562762135903e-02
9.172405362346296165e-02
1.047398137497456416e-01
1.322295242946836535e-01
1.368474996613045502e-01
1.559866144884597960e-01
1.456855940501782243e-01
1.588121359872776139e-01
1.759869638271808756e-01
1.983339244114237232e-01
1.900480879622406805e-01
1.975749549170505159e-01
2.144297151973553750e-01
