3.136052949281875443e-06
-2.153331540444280989e-03
-3.527556134821008358e-03
-7.077206282671610676e-04
4.811293285057694153e-04
-6.336485865094942666e-05
3.142041440541198938e-03
8.195019367013323813e-03
6.203985149735658303e-03
7.769163734582207499e-03
9.229493064718496259e-03
1.969369986274891599e-02
8.584549227866843796e-03
1.556411677202937903e-02
2.169049270955092368e-02
3.428758746493620890e-02
3.052145975037206041e-02
2.420344913516139090e-02
1.345903428142989321e-02
1.922397603392056453e-02
2.755330743609647401e-02
5.152054208577929589e-02
6.105477542714865535e-02
6.767753682700287932e-02
5.987962060374023288e-02
7.277650774271790524e-02
7.031668074147319480e-02
7.367951125130005330e-02
8.545978104089221872e-02
9.158701410283320854e-02
1.012963449795023507e-01
1.107774807263083999e-01
1.150506395305210816e-01
1.084899087944009438e-01
1.235025191165714659e-01
1.318761570410043049e-01
1.419251418559582534e-01
1.422132376510298057e-01
1.430236707825855436e-01
1.499759511510333765e-01
