1.090390515510786295e-03
-2.419168307261365843e-03
-2.931297373823049581e-03
-4.644900445635346750e-03
5.515958717719993305e-03
4.212512092710873554e-03
4.587452744323173084e-03
6.561544094671134747e-04
1.345358004329355508e-03
-1.513402682489228823e-03
-2.203791179624658980e-03
-2.057245792244444173e-03
3.978805164086551827e-03
1.475432619203758192e-02
2.391895980570168945e-02
3.401072967684903858e-02
4.099730477310856852e-02
4.471958698710558344e-02
4.823194510712340566e-02
5.993405044965065265e-02
5.958736871841559257e-02
6.756520007139102391e-02
8.060444987804479822e-02
8.490282158891133968e-02
9.221510154189864472e-02
1.075941511926370026e-01
1.079830228486223093e-01
1.226593128439873170e-01
1.406316506436013358e-01
1.491678861672671164e-01
1.600351054878341728e-01
1.700903364605224621e-01
1.850165046362498289e-01
1.816556779480311690e-01
1.743027892450946525e-01
1.813123278248603698e-01
1.939124428187653792e-01
2.183229193158403858e-01
2.238418182491848651e-01
2.335045342322907003e-01
