1.528401622740904828e-03
-5.133204666842861030e-04
-4.283793212133346628e-03
-3.850694769328289000e-03
-8.709053242315611607e-03
-4.304489239550335182e-03
2.729682497178487384e-03
1.099740882386193198e-02
1.100680397470572489e-02
1.002779314323163327e-02
1.603016075814398672e-02
2.364724887252673755e-02
2.992695123864983625e-02
2.950425842316164310e-02
2.349224292540945738e-02
1.851597299492411391e-02
2.868521898005695764e-02
3.822043140547713019e-02
5.027303531258482672e-02
6.472965419325830971e-02
8.182896894307241376e-02
8.908488217009277732e-02
9.023988377213391920e-02
9.727213079767907389e-02
8.960232972726416001e-02
9.657684139605962614e-02
9.892624857250993664e-02
1.098894411773432694e-01
1.072215356400438024e-01
1.065557495326473203e-01
9.657462370233922677e-02
1.053931744762234557e-01
1.146420423609402633e-01
1.169381061814043221e-01
1.357790625473004609e-01
1.499089697895328865e-01
1.495344156169878258e-01
1.451760160313092796e-01
1.546522599470499526e-01
1.536675813566816262e-01
