7.972957475476993633e-04
-2.906008887324063148e-04
4.222353704610703855e-03
7.144518499980457085e-03
1.289371043786564572e-02
1.211754845800552295e-02
1.798196023792204487e-02
1.647847059082536633e-02
1.956361398736188376e-02
1.860312212731454057e-02
3.249639949276446338e-02
3.478738349270286967e-02
4.331255411589580995e-02
4.931909513832444247e-02
5.440600803959014936e-02
5.859006060840812186e-02
5.829934631820101604e-02
5.767710545157278546e-02
6.910939022796540321e-02
7.198323929909200558e-02
6.740426354567219391e-02
7.634038287774344567e-02
8.881203828457877314e-02
9.062015534349861234e-02
9.689413431042766256e-02
1.114108496308073570e-01
1.303188764470530059e-01
1.350673290415969063e-01
1.376814180631875106e-01
1.352502455737756293e-01
1.430726933704459525e-01
1.553932156468416648e-01
1.544491897822190540e-01
1.698421271369085217e-01
1.757443851355329767e-01
1.948665546563791706e-01
1.909559080846385259e-01
2.168673729993429444e-01
2.332545645831551329e-01
2.327249796832511208e-01
