9.959076986971737711e-04
5.047005177758245864e-03
6.150842362385944284e-03
7.442246701979460255e-03
1.311902645381399744e-02
1.487104190407855311e-02
1.650489666169168215e-02
1.090949645793255415e-02
1.507598187210046348e-02
1.184567607034878699e-02
1.868891074555740703e-02
1.387349082567546077e-02
1.408817323755222686e-02
1.513591323955232326e-02
1.835894392973536071e-02
1.400021863630946869e-02
1.292526822992456914e-02
2.095080301616363341e-02
1.555924320183343923e-02
2.860991125797802612e-02
4.208644991575276328e-02
5.175626544636138110e-02
6.345932704644141609e-02
5.737091076728653011e-02
7.271115850014879534e-02
8.077251954286915336e-02
8.655171042732874576e-02
9.413066024162723699e-02
1.054359079692432088e-01
1.209732237036821034e-01
1.092226945940346639e-01
1.300494526648883209e-01
1.348354656573775290e-01
1.443124420735468760e-01
1.487835656070714552e-01
1.486542791275500264e-01
1.569434914791944524e-01
1.603207896469850680e-01
1.709212818222994312e-01
1.731605497349988920e-01
