4.314060435565591936e-04
-4.381364659935105374e-04
3.175210872385125869e-03
1.166833386706489463e-03
4.548994447512289159e-03
3.361952190433648100e-03
-4.297053179207921294e-04
7.470340987808477169e-03
7.334662260255519865e-03
1.445138523569582459e-02
1.653707682284792993e-02
1.373029254823663302e-02
7.471006240316668996e-03
1.661941972330040901e-02
1.420218324185213918e-02
3.477398358739627188e-02
3.340320816996929232e-02
4.699895588799272300e-02
4.767570419380362523e-02
5.478169185021926346e-02
5.775715201423566036e-02
6.237837094179674718e-02
6.564607617224141323e-02
8.377806834005312175e-02
8.418108777045318902e-02
9.155072568855401882e-02
1.016120799491854881e-01
9.808975806029493483e-02
9.387438780980339459e-02
1.187897870565301217e-01
1.368598262045463143e-01
1.315819624769613283e-01
1.264409828389631285e-01
1.226772711692696305e-01
1.336957259404979170e-01
1.451521654670450689e-01
1.732118223496222353e-01
1.756528214661564335e-01
1.702496031580871261e-01
1.788130634913152051e-01
