-5.937793477221564153e-04
2.043363453854851568e-03
-4.029557502994052134e-04
-5.445370559094442776e-04
2.745836141207913614e-03
6.617411062396705117e-03
8.009330855471929675e-03
1.124215301284738934e-02
1.442838168213054183e-02
2.894198915403265598e-02
2.504797122632211950e-02
3.090374933112549627e-02
3.460188599747802268e-02
4.350298619180285875e-02
4.313094686932820998e-02
4.846404534482857962e-02
5.520835753627615500e-02
6.057129241913124240e-02
6.215193429758052168e-02
6.057039744278149701e-02
6.126632405622060851e-02
6.663306020679762853e-02
6.288694298054871290e-02
7.590013303562059832e-02
9.154037193690670038e-02
9.522385116821716067e-02
8.835753423574850551e-02
9.364242974722217228e-02
9.139251138946953568e-02
9.298984746190050443e-02
9.607629024302326293e-02
1.146735592811101156e-01
1.206987935233897191e-01
1.340114988468705803e-01
1.493694851211707086e-01
1.559251751251551354e-01
1.626884705458991331e-01
1.786809018811467697e-01
1.922400881849874454e-01
2.022403580419535329e-01
