4.059044100532815811e-05
2.608595128123925109e-03
3.299975124260168258e-03
3.992908205577893992e-03
5.996793476508166520e-03
5.294750072008369730e-03
1.605868414877029832e-02
1.763559643248075945e-02
1.923237202547305527e-02
2.965164865778380232e-02
2.143821390347433464e-02
9.366114231925770292e-03
1.662846111240803143e-02
1.854830554940391923e-02
2.762659017606665726e-02
3.506784965909126583e-02
5.139587610745018076e-02
6.130123482032665688e-02
6.743038550516615437e-02
7.118383416016058063e-02
8.868727700666453884e-02
1.090862139214141963e-01
1.151645940913176985e-01
1.192376285310928069e-01
1.315018668804014967e-01
1.277198213264867377e-01
1.226253593856455326e-01
1.222381028845656858e-01
1.435671945116578085e-01
1.437477996282900961e-01
1.444481371532091996e-01
1.434591378782059112e-01
1.387144802361582607e-01
1.480158292167622902e-01
1.814352558875789723e-01
1.992854518816031262e-01
1.990822705701646156e-01
1.950141333403273280e-01
2.015996384737306357e-01
2.018213912193843329e-01
