2.649690827227879630e-03
2.732722413433163935e-03
5.068555656492801723e-03
4.844541430033899934e-03
1.042396208190998763e-02
1.030851661402412169e-02
1.947119948760800412e-02
2.195875470680448346e-02
3.047389787937735545e-02
2.400672667388317055e-02
2.510795977529518483e-02
2.989369518392184094e-02
2.519791591123841240e-02
2.083560513563433719e-02
2.653562679303220900e-02
4.034667987368898562e-02
4.182584903160631307e-02
4.492523937417373936e-02
5.056956855877529911e-02
5.511127519653839790e-02
6.111443769977568941e-02
5.524748527722742747e-02
5.316520494625968929e-02
6.242890570839847164e-02
7.205590281676492459e-02
8.501512217146504902e-02
9.114610432977805765e-02
9.822239199255022868e-02
1.000085643913653372e-01
1.029186291127100333e-01
1.172138437825445550e-01
1.252510798868389230e-01
1.425225001574187134e-01
1.627830171729719722e-01
1.772211120243671334e-01
1.897726208804332571e-01
1.816495463585866277e-01
1.955305643506498881e-01
1.912371240493612734e-01
2.098067845970902623e-01
