1.349766023788001644e-04
1.442680675049157202e-03
-3.569578752929469974e-03
-2.033320117218551191e-03
1.920302714962574041e-04
1.080413566125137991e-03
-4.781715829815169454e-03
-6.301794552679674047e-03
1.712517911084177058e-03
2.809027884943837792e-03
9.751925900734547542e-03
1.392703271373338901e-02
2.586606134191775722e-02
4.027953442713858717e-02
4.138072260151801768e-02
4.952721459340558852e-02
5.990353838849351437e-02
6.590095732656138516e-02
6.997678265333284742e-02
7.168749687072732690e-02
6.521510574944286431e-02
6.497908383431579005e-02
7.199516549362031115e-02
7.715706371419521481e-02
7.989088050763193394e-02
9.357117879545313877e-02
9.667474566800286773e-02
1.118115457268800128e-01
1.306874762175937177e-01
1.168863447964969965e-01
1.380702405759304807e-01
1.331048265569830247e-01
1.469419259763494467e-01
1.526838683855313294e-01
1.734127885173809003e-01
1.813171943083769777e-01
1.935223120685478082e-01
1.811629410634431336e-01
1.900899252807221329e-01
1.834891600690873870e-01
