-5.060605952772690092e-04
3.843002634623182874e-03
9.552928002914028854e-03
1.138797927399499629e-02
1.244457337847091304e-02
9.378522100267794315e-03
1.609072499091048630e-02
1.888989831218435000e-02
1.785323433852159525e-02
1.119863063230663869e-02
1.896528728354685001e-02
2.170668393299273261e-02
9.797846220938665612e-03
1.659884026552695818e-02
2.236718928595102934e-02
4.687140795145446071e-02
5.292074920567486906e-02
5.322375504346403552e-02
5.961640294058874467e-02
6.167359667234464243e-02
7.213193114393626204e-02
7.782696531006116913e-02
7.669011041694062669e-02
7.809364780897851133e-02
8.587630924544775723e-02
8.677561503178736479e-02
1.052941452267134592e-01
1.117623757653454647e-01
1.124399605228038751e-01
1.081394999395243472e-01
1.133090740327023782e-01
1.321215719260745713e-01
1.432028256161281266e-01
1.562603784529102424e-01
1.762789377305725991e-01
1.746483423800157253e-01
1.863771993473122279e-01
1.994507917990226420e-01
1.949662087241677000e-01
1.853173498582990075e-01
