2.007312909466873964e-04
1.525003439810968062e-03
1.055642642244336544e-04
-1.930060197984140356e-04
4.468250531082329155e-03
4.852802934586541647e-03
2.642565486085502076e-03
9.384740103245725260e-03
1.034885448429019236e-02
1.349809951938851782e-02
2.636850826745966783e-02
4.139957756916316789e-02
5.149337106857458657e-02
6.504686871525891534e-02
5.807058578836894747e-02
5.011626111357294494e-02
5.474681362567927756e-02
4.737672532011565074e-02
5.546370764520780483e-02
6.846557330527396068e-02
6.156783101243448048e-02
6.439068494533195519e-02
5.672075231303423670e-02
5.156410577899776804e-02
5.415199765797815840e-02
4.382023216515236463e-02
4.106397856976293920e-02
4.920786191189065878e-02
6.341639095997778086e-02
6.898070458902552660e-02
6.135900517464030340e-02
6.746098752208454230e-02
7.808243697028878494e-02
8.859706971998378144e-02
9.006324474162781535e-02
9.484337715383972522e-02
1.001265811334732803e-01
1.064250900535284872e-01
9.698207721904736345e-02
1.171949134632988831e-01
