-4.153304273671443278e-04
-1.520460286482183633e-03
-1.999032392098154705e-03
-1.736654699774842258e-03
4.332540865835454507e-04
9.797068129593355392e-05
5.656953928279584431e-03
9.940280144807190233e-04
1.070892649602104250e-02
6.071472571393066175e-03
1.509632010620212163e-02
1.323006466033138651e-02
1.574743595202292637e-02
1.874239621127777797e-02
2.974865281851819462e-02
3.417416465348601523e-02
3.514568052252755453e-02
3.950051782722283772e-02
5.106269454353373760e-02
5.446329277109214495e-02
5.412891780260054020e-02
5.408842689500055478e-02
5.592599442808073029e-02
6.976009967732466066e-02
6.961680729204466900e-02
6.956532761313347080e-02
7.821388905152311388e-02
8.116907977345313996e-02
7.836520721813364232e-02
1.006685856475311169e-01
1.097196157268086891e-01
1.147380611010323237e-01
1.193049600370301305e-01
1.155953333877754174e-01
1.278244616789720456e-01
1.476448167312309212e-01
1.552798965563514655e-01
1.609443215780458902e-01
1.715876067972303132e-01
1.797659798672420206e-01
