9.994047320370125654e-04
7.362835041713866602e-03
1.017277495835333667e-02
1.355152105740655734e-02
1.608206594706498155e-02
1.708164626537076597e-02
2.080484688245878150e-02
1.913311673168287610e-02
2.329830348161241599e-02
2.577443974551574257e-02
3.465312164938829514e-02
3.618186905015967347e-02
3.548522080269869011e-02
4.220751678987610944e-02
4.199235202012019386e-02
5.308688341933773952e-02
4.777171135772491362e-02
4.735888758350981220e-02
5.959548533934153763e-02
4.942182080657033655e-02
4.470632258908189410e-02
5.022686468561623346e-02
4.879631227494840573e-02
4.919908818144982238e-02
5.715980145680994717e-02
6.860927353297512077e-02
8.324016099164985305e-02
8.730679895450670081e-02
8.368824837613715595e-02
8.769947369173217155e-02
9.339850736932504838e-02
9.056456352504191343e-02
1.072873545301551018e-01
1.245123645501053089e-01
1.218638226824001747e-01
1.171907875558773071e-01
1.253027419198396442e-01
1.424986993442018957e-01
1.404590594964794659e-01
1.599948170984511475e-01
