-3.005963304958614518e-04
1.329561725186101427e-03
2.809819417803893771e-05
-3.495388026336421206e-03
-1.618352278810242294e-04
3.529719911103690495e-03
2.375687214463084902e-03
1.817990839477801089e-03
5.537805237585224742e-03
7.154044903035128473e-03
7.687342262255469731e-03
7.104026625688852556e-03
1.286038926630475067e-02
1.373475102873591459e-02
2.365089751287854231e-02
2.893855115295025301e-02
3.837005208466841288e-02
4.278049935032939011e-02
5.329767655176063240e-02
5.657491430538925947e-02
6.271753823276356166e-02
4.917873314522047679e-02
4.806011000785446324e-02
5.237934643368191701e-02
6.507386537594897491e-02
6.958391285332901632e-02
7.227802199464825050e-02
6.977847844608611738e-02
7.817979656185443382e-02
7.256282359789026359e-02
8.079996339423019258e-02
7.467538144799271138e-02
8.329521638364667524e-02
8.155234378978697130e-02
8.356529459851387565e-02
9.392502153464263315e-02
1.001689322693636031e-01
9.987227042071325500e-02
9.930083685619876810e-02
1.008729672203386996e-01
