-1.115488570582390346e-03
3.362886820950983235e-03
3.552242670677241334e-03
8.045016628890877194e-03
1.506293645919747418e-02
2.041722679719768646e-02
1.379652277275962222e-02
1.638900902800823761e-02
1.416986547890992584e-02
6.613442385417833691e-03
1.740280833902296907e-03
4.741179445362675329e-04
3.942814761354185640e-03
6.566118548748533720e-03
6.873220681786307296e-03
5.578551868329739878e-03
-3.546039180669069511e-03
-2.867137547579545580e-03
9.951036996713824231e-03
2.553459874523618042e-02
3.893203691887805323e-02
4.565532082301970718e-02
4.915322226033609632e-02
6.194254336751967710e-02
6.440272462506620166e-02
7.351618885957762750e-02
8.142964186163829943e-02
9.273763055450530424e-02
1.039987212166362668e-01
1.108807892664199074e-01
1.315097817416436554e-01
1.456611704139220420e-01
1.462998439235061454e-01
1.460679757959106040e-01
1.503262227500755388e-01
1.465309867391909049e-01
1.510569735147548331e-01
1.702383202102893678e-01
1.805475987974148322e-01
1.979227453007915416e-01
