1.399840529654983136e-03
4.667622155577699989e-04
3.392957370636739880e-03
-4.373778605857303603e-04
6.733243292988700009e-03
5.437224993934819048e-03
1.338023532723831011e-03
-2.687516629018382557e-03
8.187183331589408821e-05
1.024328947375359108e-02
1.092734167206827964e-02
1.267161349904028997e-02
2.196549168904837757e-02
2.271860118889890146e-02
2.413878197762286959e-02
2.762898287959210039e-02
3.213047047022641461e-02
3.803121344934225906e-02
3.429212166215123148e-02
4.126981075267579374e-02
4.785015707972739563e-02
4.994284081133883862e-02
6.088248629720745264e-02
5.623393257840270110e-02
4.350251898944570289e-02
5.223483475602463955e-02
5.922784347763183910e-02
5.742506520484269572e-02
6.973761289456881229e-02
8.036648645043804884e-02
8.428235088634643268e-02
9.586565553613013435e-02
1.030154226561499770e-01
1.058708458174717065e-01
9.579076129577686338e-02
1.043172414364455791e-01
1.060779971871859545e-01
9.887858351565129156e-02
1.030252733563834511e-01
1.134763099889362081e-01
