-1.346818032129459743e-03
-3.028925246750802103e-04
-3.516389063313773902e-03
-7.207538277686253644e-03
-4.369841914998939640e-03
6.316900818575277299e-03
1.491069797721209476e-02
1.871338590877851329e-02
1.749288752697815072e-02
1.859015764023119743e-02
1.377701729540170561e-02
1.337483055719506167e-02
1.201441582651057230e-02
1.563995782189060366e-02
2.182739198258652064e-02
2.461608389790619425e-02
3.234046864318144976e-02
3.422753881654969771e-02
3.432159065388411257e-02
4.199569901316557718e-02
4.287580786628808482e-02
5.140030102607795470e-02
4.675845167899161936e-02
4.866430767127205570e-02
6.037309680413614071e-02
5.042333019552529272e-02
6.383127425274359723e-02
6.391126086099881143e-02
7.061281956961629191e-02
7.420869224533319097e-02
6.973752470924239610e-02
8.715742321992828168e-02
9.264046006687109980e-02
9.488239060043142381e-02
9.291651021478912476e-02
9.450371494273071549e-02
1.074177686143975990e-01
1.064029353783176590e-01
1.273060050443795832e-01
1.438930406968054743e-01
