1.574263486633831113e-03
1.736120701400611921e-03
3.439552193996053830e-03
6.602183561841190942e-03
3.842546232839083586e-03
4.060698373201887534e-03
5.888185119239252793e-03
6.313588803725522954e-03
-9.905670764014829367e-04
3.215966310587958787e-04
-1.212763238082281703e-03
-3.027231629686078038e-03
-2.089861403069193189e-03
-7.507491969734658710e-03
8.561158421623461107e-03
1.874408666993190170e-02
2.387711881774876727e-02
1.985044723118676441e-02
1.927770646751198955e-02
2.496722538475886280e-02
3.629345297991761615e-02
3.779201075116524894e-02
3.984158932849020396e-02
4.915048540428088725e-02
4.826857267670163487e-02
5.009119701800415075e-02
7.263758328460205582e-02
7.206802098727216332e-02
8.713004635375795615e-02
1.089043582666050780e-01
1.143641114401574982e-01
1.083067106763870441e-01
1.163589325524654328e-01
1.028945184333650842e-01
1.062726053260963227e-01
1.170871955997547786e-01
1.165732935446349983e-01
1.324436501535245780e-01
1.362299899218356869e-01
1.379301807292840354e-01
