6.637357612901296101e-04
-1.320433394809050667e-03
-1.758327615079657846e-03
-4.501868263676112210e-03
-5.550365102579580059e-03
-1.222885061460310310e-03
8.534649608150956732e-03
9.090672900612873503e-03
7.632028631012843442e-03
1.263785932450467442e-02
2.628242086439271791e-02
2.220907977996429070e-02
1.872875319628306695e-02
1.414258656550053742e-02
1.577892276572079311e-02
1.855063598020834092e-02
2.531542991613804430e-02
2.011256880806797792e-02
2.191062537453198830e-02
2.300338652016584856e-02
3.939222031331510859e-02
4.180304774531719975e-02
4.108962080830948910e-02
3.708720556739919516e-02
4.848349191779562084e-02
5.140943341380719428e-02
6.639391883036757647e-02
5.956847380246230866e-02
6.110742471339598858e-02
6.379996912403421150e-02
6.854709149159284032e-02
7.414743881875018872e-02
8.725315309307113409e-02
7.978597732309999913e-02
1.154335988091894222e-01
1.112761366817494463e-01
1.138874584601360651e-01
1.143657021816189001e-01
1.218434215315468833e-01
1.406977454700971408e-01
