-1.300797035711465056e-03
-7.202565339236687968e-04
-1.223305551238063060e-03
1.585700356943764476e-03
7.252322934919419942e-03
5.826632411173626389e-03
8.384256098213605304e-03
7.365223929843800650e-03
1.273552031682019178e-02
1.829696939652674173e-02
1.523947855877736367e-02
1.969591564303119213e-02
2.025766761349032802e-02
2.585369199327623019e-02
3.579884438765645882e-02
5.124873250335433561e-02
5.863073903205488768e-02
5.808520578872098522e-02
6.172754625041214360e-02
7.092804640785495274e-02
7.393879705144250358e-02
8.313779845630833720e-02
9.266895771897480649e-02
9.001341800912890379e-02
9.431131353740304646e-02
9.973057526476444834e-02
9.640480399090840813e-02
8.779386530536684163e-02
7.774704424552929261e-02
9.533452104713546760e-02
8.881469528679808434e-02
9.428395425028028576e-02
9.184878561862319657e-02
9.740978680142368951e-02
1.064361682740926768e-01
1.053947656698468877e-01
9.034963578202521994e-02
9.195366561594724153e-02
9.285677185130510047e-02
9.012446030822332532e-02
