-1.509683601561562227e-04
5.813777651946239460e-05
1.939886989018901973e-03
3.871149189404476856e-03
5.195504908556624994e-03
3.946530681819382380e-03
1.165381167759402779e-02
1.302150296904880378e-02
2.318232388524670354e-02
2.462321964419729101e-02
2.035211660896383418e-02
1.798045823932401671e-02
1.983964202255457041e-02
3.023916947250633244e-02
2.854088114458264158e-02
3.591411574292422554e-02
4.425849897754759177e-02
4.470064980890242623e-02
5.186156801948982320e-02
5.732161006182714263e-02
5.580887701423904723e-02
4.993736026773483438e-02
5.470953910348832355e-02
5.024885020155096804e-02
7.026745218460810072e-02
7.081336876132411640e-02
8.419777764541933052e-02
8.013870007767706638e-02
7.943662297257744753e-02
1.034570440906545513e-01
1.116139515903821489e-01
1.243526167132550653e-01
1.319793142535431174e-01
1.212355014781817120e-01
1.306596618199957760e-01
1.298867854026276858e-01
1.456546318435108789e-01
1.458178894637306711e-01
1.517687333001163097e-01
1.585324462175641824e-01
