7.903867424176036494e-04
1.677376443381683969e-03
3.641134611414642737e-03
2.617802593980300511e-03
-1.350615804145949370e-03
5.476061137641608130e-03
2.303216178684586082e-03
1.006642459919060428e-02
1.367131368559331220e-02
1.360064251629022891e-02
1.490162178070200162e-02
2.132963126296729545e-02
1.573761723925066677e-02
1.374402671731296197e-02
7.907857571436948882e-03
6.046133821499211298e-04
3.318475912367091583e-03
8.009018466603023273e-03
1.504789252170119981e-02
9.604750694094476779e-03
1.649351868593136247e-02
1.404693512277219690e-02
1.358713592279023850e-02
2.757862415150995686e-02
4.402334239524243603e-02
5.292921605565368420e-02
4.971263505689833828e-02
4.881417057026204986e-02
5.323084217811491214e-02
5.507963518263921110e-02
6.343229605519126735e-02
7.692753594743421963e-02
9.220024421432988782e-02
9.256242648286380770e-02
9.481026513670762212e-02
9.782943279720157648e-02
1.181148173003165880e-01
1.186421568199676757e-01
1.282019847450456551e-01
1.316514609968429395e-01
