8.654142463467850988e-04
1.065375140244562190e-03
5.993233335753522795e-03
8.077708120810900630e-03
2.223170416642883396e-03
2.241284346396810179e-03
3.077633281146319091e-03
4.792384634055224350e-03
1.348082850764953291e-03
8.048195513167400242e-03
1.812531769765524103e-02
2.948626211880842757e-02
2.155719876314918931e-02
2.363769388824579071e-02
2.422295141361665433e-02
2.608412888684874531e-02
3.143683900014941635e-02
3.440097478933416830e-02
4.829343787588769032e-02
4.363128364192334768e-02
3.856262926851385803e-02
4.200014406809202822e-02
6.143643034423078297e-02
7.099681842020721945e-02
7.575724849707370090e-02
8.073439102841603598e-02
7.741451714366079373e-02
8.257105390061063310e-02
9.899737310979013494e-02
1.048729706590616900e-01
1.201688072258118439e-01
1.310001918042750790e-01
1.444900815031573416e-01
1.554761597798485495e-01
1.656474069137239269e-01
1.733463179348454786e-01
1.659913135152272790e-01
1.748395607009655406e-01
1.728652166640323173e-01
1.917750038882019281e-01
