-3.873880021749487096e-04
-6.161198363412890167e-04
1.210923717404899192e-03
1.376948093903607130e-03
4.829847954028743118e-03
5.023566320033268258e-03
1.025816180459155832e-02
1.623700468038666994e-02
1.376776591476449631e-02
7.669111763330604611e-03
-1.120172651534012730e-03
1.038218310354839177e-02
1.449329775654177935e-02
2.203455811948984433e-02
3.665420886384999910e-02
4.679924960321955180e-02
4.482475320755341386e-02
4.797493835390050088e-02
5.725546871798990051e-02
6.482097232131991960e-02
7.301495355015674704e-02
8.352508053209532768e-02
8.552629615803652996e-02
9.362946156154450250e-02
9.220354126091941105e-02
1.081386605647427501e-01
1.043557187336258407e-01
1.113226034960209943e-01
1.116330489565850598e-01
1.344389397291156085e-01
1.442167931657284130e-01
1.505037786690071044e-01
1.590569767218216468e-01
1.717949106462672293e-01
1.933799132575454993e-01
2.091138459982886388e-01
2.223933060929169925e-01
2.248673723953416581e-01
2.218410528234777135e-01
2.248588990469343740e-01
