1.705866385112542226e-03
3.471353111637753668e-03
8.124458052623229759e-03
1.402466240982116509e-02
1.244595328194186834e-02
1.738468460579110225e-02
1.286908157624093788e-02
1.216529069509491093e-02
1.124084701482033245e-02
1.800497090698147812e-02
2.054838259606945813e-02
1.943768987879312959e-02
2.145316940321002550e-02
2.529512337097479177e-02
3.200684566903540251e-02
3.422310819656360081e-02
3.542384613507252450e-02
4.300719194148179547e-02
4.945465402203978733e-02
4.165292180906625397e-02
5.607480231821675154e-02
5.273199217709993725e-02
1.012126643589500163e-01
5.825079928746638991e-02
6.544542708146146304e-02
6.162124871651038227e-02
5.167510338677096943e-02
7.125337397404578332e-02
6.948091630631303417e-02
8.819902693000578053e-02
1.082161204125522830e-01
1.299190387872385943e-01
1.346081478550136268e-01
1.471056457683967977e-01
1.713132314347529106e-01
1.713477398632456128e-01
1.790770982424774727e-01
1.779264075927066702e-01
1.873489237028770904e-01
1.947314095298807446e-01
