-5.875655800902324305e-04
-2.561736993126917297e-03
-1.199178146989776650e-03
-6.982285362630147665e-03
-1.119013662775243320e-02
-8.779800431891793960e-03
-1.196245224972667352e-02
-8.573293754531263050e-03
-1.456387093277910962e-03
1.807220041593282644e-03
-1.342751049542911758e-03
-6.639425308016555852e-03
-7.175079563369379798e-03
-1.581548358362994014e-04
3.361177963730455163e-03
8.051269845682541143e-03
9.200432312751517100e-03
1.495859650937916320e-02
1.546873075652826016e-02
1.788931026104094782e-02
2.158765205041035529e-02
2.729181538310747682e-02
2.746445288562675627e-02
2.596843243900188655e-02
4.504418267291825095e-02
5.430972678718574975e-02
5.189619836594587532e-02
5.637878782415235712e-02
6.821134571818916748e-02
8.798139941887014870e-02
9.313461399835461230e-02
9.926495184937281224e-02
1.030271343886632052e-01
1.052477870610399463e-01
1.147722416401027318e-01
1.125587190205571686e-01
1.103112397834635772e-01
1.278396451667823952e-01
1.346510060494957028e-01
1.363732459834331168e-01
