-8.948607198626002280e-04
-7.869470491910668820e-04
-4.210798414021610641e-05
4.271839552442724744e-03
3.973725212824774297e-03
9.992279942065173878e-03
6.044897778303770855e-03
5.005234231297173153e-03
3.128846432374743445e-03
1.972155182770389883e-02
2.235735276022001589e-02
2.793953691359298691e-02
2.267894997952950645e-02
1.993779464216842781e-02
2.502700779473308185e-02
2.871476837021411793e-02
3.399620027777672249e-02
2.972836018019187065e-02
2.166118884093037877e-02
1.082190091552490650e-02
2.576604456163344992e-02
3.534245937553635170e-02
3.187202929631816062e-02
3.409139182930722572e-02
4.748587959934482544e-02
4.706594377335093782e-02
6.323752818117930885e-02
4.904552199715937061e-02
6.414669517008242394e-02
6.546872363647900095e-02
6.094082302478156382e-02
6.396929900565062610e-02
6.557986231185708448e-02
8.951918845084172460e-02
9.311130796652804242e-02
9.504651165813271518e-02
1.075573934649405317e-01
1.190532619183187479e-01
1.220107718031016447e-01
1.378015741862029242e-01
