-7.132152243424227933e-04
-1.448665060393450246e-03
-9.711529815631614543e-04
-1.775534157285996130e-03
-1.044060915126543366e-04
-1.217295124083861478e-04
-6.651450353992061516e-04
5.948009558337119355e-03
1.698189348237661919e-02
1.988247911998151235e-02
2.801705107018079982e-02
2.577512383009157235e-02
3.394135821709056561e-02
4.344176001116686198e-02
5.557076773649889667e-02
6.140778963832928955e-02
6.936116554829752090e-02
8.215018774147217484e-02
8.518085013349399603e-02
9.026315987924356243e-02
9.721015720875988975e-02
9.726313756609990258e-02
9.889416807918535723e-02
1.073624549951290447e-01
1.166715028712839997e-01
1.156932634710276658e-01
1.029034798364218545e-01
1.013081684854114373e-01
1.114533696250699507e-01
1.232998085313305181e-01
1.337108863447347973e-01
1.416391554897916960e-01
1.354412873314060906e-01
1.220516903257173880e-01
1.221531447927429043e-01
1.183294559275164942e-01
1.385804672428406492e-01
1.498899588666031124e-01
1.668047916717078638e-01
1.625156032780402937e-01
