3.133793855791155883e-04
3.486843465221634106e-03
5.738167785965231013e-03
6.339642278650981129e-03
1.094281966362293732e-02
1.137674406092674742e-02
1.229237151184072764e-02
8.555960217646152444e-03
6.956657510884589612e-03
1.009465659569883621e-02
9.408906139426954224e-03
1.939694585672047111e-02
2.784300978749243427e-02
3.305177143965067760e-02
3.207267889465725830e-02
4.032603293669083377e-02
4.649706782487043888e-02
5.178294731993986211e-02
6.015531825133848404e-02
5.668076076408681135e-02
6.367496473418370051e-02
5.425081840731742211e-02
6.521598609056375451e-02
6.906893005503426941e-02
6.987161822764598185e-02
7.971712274560545375e-02
8.428600956080067874e-02
8.655020490433536218e-02
9.206908972112159972e-02
9.579938130716314504e-02
1.040801634973181622e-01
1.153695923154934577e-01
1.371607049290023694e-01
1.348198918323827711e-01
1.322149633869582064e-01
1.458242288072792436e-01
1.590444013930326916e-01
1.650619952166564874e-01
1.708635980721098235e-01
1.724414925219072414e-01
