1.593984595168174189e-03
2.360101622521115685e-03
1.306967285895144172e-03
3.845702337830658735e-03
1.326374519248201336e-02
1.578056135962171286e-02
1.728424323953934444e-02
2.286147544127619183e-02
2.235520051953638829e-02
3.455296645755776691e-02
4.479251308196428166e-02
4.103318382010954363e-02
4.633440335269049803e-02
5.462311426602468878e-02
5.179128496430642631e-02
6.203062336975975061e-02
7.661098892878079325e-02
8.682469938431296164e-02
9.190240378628189433e-02
9.561449699977124517e-02
1.007154288652802876e-01
1.083921044958351815e-01
1.086965930671382752e-01
1.222394004207170981e-01
1.439075651187870508e-01
1.508341099917771544e-01
1.622550536795081544e-01
1.615263496696179857e-01
1.700233750585056214e-01
1.672748999285861571e-01
1.775527164756770249e-01
1.796229139468788760e-01
1.879394130774656446e-01
2.125990441506825646e-01
2.031637868809124114e-01
1.895371324495506715e-01
1.967737742727052874e-01
1.964996766815012563e-01
1.955359933639705672e-01
2.073985868862578685e-01
