1.119616940131296090e-03
9.276882720361534496e-04
4.332257130925132663e-03
8.284429520776371084e-03
9.583790918062806349e-03
1.134386802641014144e-02
1.496102333541564702e-02
1.506671575215783390e-02
2.284590444733982512e-02
3.448163281411318476e-02
2.301988642313333028e-02
2.638689300125562909e-02
2.836918954801248560e-02
3.555724874927328194e-02
3.083126213562970008e-02
2.910092496010961011e-02
3.045085427225018362e-02
2.940288623855806874e-02
3.537922720994295112e-02
3.013909210216496673e-02
3.073765493822833150e-02
3.066414724145865092e-02
3.565425694004069335e-02
4.037400194574480849e-02
7.511634308876295740e-02
8.255015784769348386e-02
9.342089969305326924e-02
1.075378616617083394e-01
1.080896342879096722e-01
5.932390507324072221e-02
6.572619572271172494e-02
8.378869931435879714e-02
1.085110660814489619e-01
1.053532229002026865e-01
1.117395936461257067e-01
1.202569383772441880e-01
1.238933271690818572e-01
1.305068013452753972e-01
1.649949094550180462e-01
1.714571913470329945e-01
