1.095604114622483836e-03
1.870039380200738720e-03
-5.033008165538266528e-03
-4.838814790845713878e-03
-6.710420334816636148e-03
-1.000580217784037204e-02
-9.136577961997006253e-03
-6.621934967353660176e-03
-4.507254547805672820e-03
-4.027878576335197809e-03
-2.698861281657016602e-03
6.100413928553649476e-05
-9.801230478590384088e-04
2.465524045160094819e-04
4.444257336083623673e-03
8.094182581456266928e-03
1.740442099592698355e-02
2.707194145084628259e-02
2.505922221202965330e-02
4.137273646887784651e-02
4.136632666426436067e-02
4.911120388833545292e-02
3.983093284100647224e-02
4.056861037627328137e-02
3.616469208508697047e-02
4.073825662292804989e-02
4.975893588336788298e-02
4.936752505536005919e-02
5.352607524592407906e-02
6.380054921618202868e-02
7.487484302500035938e-02
7.786381257797145294e-02
1.043718269547646571e-01
1.147055976313964692e-01
1.232596446646972710e-01
1.383117336364634298e-01
1.520632260936032876e-01
1.660086620038079275e-01
1.762594821146158952e-01
1.803756107696678213e-01
