-7.858672278107991854e-04
2.750548569507493910e-03
4.252854032296049872e-03
3.171808299583034514e-03
-1.153935025249008860e-03
-5.111192028147293169e-03
-1.680587718703918741e-03
1.370174268591739606e-03
5.328524895337060849e-03
7.773339852444572165e-03
1.977497987708858387e-02
1.965327263161995713e-02
2.226548587913903393e-02
2.154415067633870182e-02
2.603596885583137066e-02
4.132748381516684194e-02
4.584257849423530040e-02
4.550163802825295256e-02
5.655392393034297527e-02
4.770508384129677065e-02
5.505906277864056758e-02
6.376107382166047721e-02
7.177492376119935791e-02
6.929183750369674599e-02
7.249477685268282401e-02
8.031639147914759747e-02
8.796487684921920625e-02
9.856078762762834899e-02
9.576949162400830162e-02
1.026257660284958517e-01
9.479384569205002997e-02
9.631883700540733173e-02
1.150845065666917522e-01
1.221927494980643986e-01
1.365499707629098114e-01
1.482977924713665685e-01
1.670588446327819498e-01
1.724782322944079793e-01
1.641364798563600402e-01
1.712540669838268914e-01
