3.162805074636843017e-04
1.864408372497905583e-04
1.014787777992509675e-03
-3.374017328470202415e-04
-3.064199223343244596e-03
1.079439957635131096e-03
-1.724253063855485271e-04
9.513848850993156681e-04
1.611438675546938981e-02
1.442445933233660327e-02
2.159130411687399873e-02
2.164843987102749168e-02
2.744777119527590584e-02
3.894080057657696436e-02
4.574366851433353531e-02
5.189839853853186330e-02
5.361734862764037934e-02
5.086405828408686880e-02
5.784063207608021451e-02
6.627312299321311273e-02
7.323964468495809677e-02
7.346654985351079581e-02
7.208477826415808642e-02
5.587001932984776709e-02
5.228205432143191722e-02
7.019259114740350469e-02
8.447284785380518302e-02
8.215291248191469720e-02
9.730961244578004155e-02
1.079668253994405802e-01
1.082803466530279507e-01
1.132647264491598860e-01
1.260479016205643121e-01
1.467056964761784543e-01
1.686567217660790985e-01
1.824252865020468961e-01
1.887406626367429396e-01
1.993426085550673577e-01
2.010535716597686984e-01
2.006585276052618438e-01
