-8.201087213193236636e-04
-1.043347447852838145e-04
-1.772109278613598403e-04
-2.220393692630828861e-04
3.041473729697763417e-03
8.282736229554998886e-03
2.053098023739963283e-03
1.537856088741662661e-03
-2.262706151703674975e-03
8.546575196849381245e-03
7.223042597385820329e-03
8.986604833272515691e-03
7.175087416674941210e-03
4.739319599613623160e-03
1.460600586858440408e-02
1.412744256913782762e-02
2.382295953247570708e-02
3.005346092248757303e-02
4.051692800934141026e-02
4.565677519189392797e-02
4.004554490840526310e-02
3.401628098613222739e-02
4.020473407169440627e-02
4.594637559615009220e-02
4.273667330678278947e-02
5.135465982711871075e-02
6.073121970642603173e-02
7.959074787487949165e-02
8.073229844812032652e-02
8.449572403245966812e-02
9.093487440926076304e-02
8.723327873376299224e-02
7.744421551210614596e-02
8.692913677650189463e-02
8.724117331662810393e-02
9.995802505879396171e-02
1.037963459651486120e-01
1.467479582597128740e-01
1.595918496930089359e-01
1.761366673838615782e-01
