7.497051977333191175e-04
4.467548662180131696e-04
2.960331188370801669e-03
4.779279778591138603e-03
1.049516920683108909e-02
1.344559596020467040e-02
1.546506441297630305e-02
1.101985434083569901e-02
1.233034211099788210e-02
1.808061614790617069e-02
2.564503614084827701e-02
3.408390220053299224e-02
4.262524682579069829e-02
3.802662253497324230e-02
3.602102446918174078e-02
5.173357890889782734e-02
5.969110614043841856e-02
7.561263312564250882e-02
9.364751010949241838e-02
9.924008934245449887e-02
1.157827944655661356e-01
1.709976180500564769e-01
1.207241447984714056e-01
1.157731532724373125e-01
1.270019378491976936e-01
1.709553154275372522e-01
1.333929400341144489e-01
1.218228393887969274e-01
1.184372691731962191e-01
1.161331674283449245e-01
1.328185394409533981e-01
1.418403083257501751e-01
1.381163361512115217e-01
1.421029247646643512e-01
1.561587778412341920e-01
1.780662437831516398e-01
2.068157791838579895e-01
2.120988411225766812e-01
2.178188891952722028e-01
2.274981587909188363e-01
