-5.279035456199121295e-04
-8.537886402161021021e-04
-3.806396802085920770e-03
-4.277818910928488311e-04
5.742464879127329169e-03
-2.196777919530390651e-03
-3.097010518296095145e-03
-7.742846015205450891e-03
-3.354377344592584902e-03
9.527745032780643875e-04
1.313795919615401387e-03
1.548921189764556131e-02
2.612442988894443305e-02
2.688805433531058636e-02
3.129555517056133163e-02
2.560803732230958543e-02
3.651620942243383183e-02
3.377675884310064880e-02
3.604052183891574834e-02
-1.380582224727078255e-02
-1.391419318797701941e-02
-1.847354976779520472e-02
-8.288553398742948969e-03
-1.123303120950254128e-02
3.682973888593821330e-03
2.861374735964261834e-04
9.617998526030646991e-03
2.031124755991981987e-02
2.501764082026056851e-02
3.523897935036259671e-02
4.296935041470675148e-02
6.076371503640735916e-02
7.425621761169551305e-02
7.355465734923996579e-02
6.395623836548303132e-02
6.675038256312433582e-02
6.974725129859926653e-02
8.780080748987018069e-02
1.031132718970219769e-01
1.131775889400778168e-01
