2.475803578404045632e-04
-1.691325212857774842e-03
-4.927984665405915968e-03
2.845205711573228682e-03
1.537019621275259682e-03
5.820207180448733197e-03
-2.071854987381094131e-03
6.423445521952153223e-03
1.058814035985094007e-02
9.170994964663493204e-03
2.147535203693262673e-02
3.529304473849883411e-02
3.685692548782419642e-02
3.103614327571619855e-02
2.987483628967524396e-02
3.194407747563090400e-02
4.537760012757700856e-02
5.038468803228468573e-02
6.711282867892016946e-02
6.612130597507218099e-02
8.434561685128230679e-02
9.129492181494355818e-02
1.003839894606876754e-01
9.088941789823294648e-02
9.836875206818156137e-02
9.704590464825066376e-02
9.798102239046535544e-02
1.109806116156114852e-01
1.008745143836573960e-01
1.121486539395181864e-01
1.156210231391479881e-01
1.338410401987022991e-01
1.294401629785205954e-01
1.389869661260355882e-01
1.442004722267970496e-01
1.501793736327446394e-01
2.063568979370810352e-01
1.661700065675425775e-01
1.660308169074781459e-01
1.794397151299122473e-01
