1.025721292102277317e-03
2.046903282494128007e-03
-1.870929377002994486e-03
1.545269122057213505e-04
4.712778148248908741e-03
6.035011666201128833e-04
4.246719485866634830e-04
-5.656323728031153585e-04
-7.211475547961221713e-03
-6.148656206207014745e-03
-4.138676867515833462e-03
-6.676078946666485874e-03
-1.328998054039409737e-02
-1.033362250205165436e-02
-4.577576121691606312e-03
-1.716549501154673906e-03
5.521008385350967274e-03
1.613589792295897635e-02
7.457563547692558359e-03
1.546035996796995063e-02
1.766989363317215261e-02
2.846389815901311307e-02
2.003130003469735104e-02
2.599514615345412810e-02
3.019592214643438549e-02
2.038321641570348813e-02
1.620182685315079210e-02
3.122627076772950191e-02
3.443423391753945573e-02
4.669276006244302973e-02
5.121530324496923609e-02
5.507936082198199024e-02
4.863046962598431555e-02
4.562178135132910484e-02
5.743981312959114266e-02
7.408786786389107148e-02
9.255817773923738501e-02
9.105905256874394227e-02
8.291763048465342067e-02
7.554530028967007538e-02
