-9.792788732421175979e-05
6.164341605916501265e-04
5.431669040959441648e-03
3.353425497409467937e-03
1.062742202311621822e-02
1.363652696253847552e-02
8.624346999990173748e-03
1.251120796975513372e-02
1.881564316468171613e-02
2.048119838085131830e-02
2.022438483428583636e-02
1.926226203967083134e-02
1.832612294903661690e-02
2.311183675475412397e-02
3.191658663565775239e-02
4.942476553869923350e-02
5.064090614030654358e-02
6.391340879844946421e-02
7.129918807974817974e-02
6.134209148304350240e-02
7.150000693972025090e-02
7.849803971380353573e-02
7.630035409085848819e-02
8.250065642548989886e-02
8.130618357274350949e-02
8.033404397174344347e-02
8.059471554977867824e-02
8.003720212342244067e-02
7.857988844219362945e-02
9.027444004074461348e-02
1.048829841433779053e-01
1.122393029142351450e-01
1.093547429088449208e-01
1.328679551239769496e-01
1.380649350206372417e-01
1.468327070403510903e-01
1.408282981727282390e-01
1.458345920159310194e-01
1.608485413523389751e-01
1.604069423057438715e-01
