-1.027296077616712778e-03
-1.058428399880773172e-03
2.522395148483891174e-03
5.366741449130874378e-03
5.602448238428969600e-03
6.853953514363908322e-04
2.334291309317215561e-03
3.173866115137080439e-03
1.026765793008816915e-02
1.049068551354945776e-02
8.998876245635046428e-03
1.580043961578496761e-02
1.505918894857636268e-02
2.751957848240032048e-02
3.005028100690836437e-02
3.787572888113786146e-02
4.317220845808620450e-02
5.001863507860875024e-02
5.257932345696048060e-02
5.460739071809115469e-02
7.057828586486714073e-02
6.887159149551572157e-02
7.097402217897830212e-02
6.139925013037590695e-02
5.341842778611756437e-02
7.097560122361876167e-02
8.199541909649461779e-02
9.367698510575231396e-02
1.036254659934563449e-01
1.184102882640132720e-01
1.069969226495299380e-01
1.214252147889101907e-01
1.338941468489874553e-01
1.538581908540983534e-01
1.623486732140442257e-01
1.682907748444314733e-01
1.718051535608395852e-01
1.814451386448325820e-01
1.719905471391555696e-01
1.619534507258436062e-01
