5.841906096719640389e-05
3.508718802256982714e-03
1.204240020139835197e-03
3.644015029139602204e-03
6.267461561912312899e-03
1.417125206994889267e-02
1.484391347952129792e-02
1.506448010926248957e-02
9.154862828150988480e-03
1.468082676256870014e-02
1.657238174096384992e-02
1.896365116636324760e-02
7.102875667266630999e-02
2.688773796535706001e-02
1.121745253798849332e-02
1.573795323553852515e-02
1.610552368903412843e-02
2.699424521024411730e-02
2.485268362191561664e-02
2.705323643249535337e-02
1.444808370389978266e-02
7.305052145250456874e-03
1.174536387633367054e-02
1.637350778238371232e-02
1.629329775482517631e-02
3.149166059620221031e-02
3.506570278443917055e-02
3.845204189990276966e-02
4.021671977207184195e-02
4.161693727747391158e-02
5.409097517967822316e-02
4.078185670507537136e-02
4.729264737714729272e-02
4.794255650830479137e-02
5.167189898816033911e-02
6.704169618419583698e-02
7.349920618078087386e-02
8.994339676649545923e-02
9.637694786194472840e-02
9.325887393582873997e-02
