2.322836653620985459e-04
-9.438587192020619476e-04
2.869589885826240132e-03
4.408864711285431781e-03
4.145322459648870077e-03
1.532579298298131221e-02
2.446471879398455160e-02
2.375374578450646298e-02
2.396780466302335030e-02
1.965332439629996486e-02
8.523890332909900280e-03
1.393986006549070497e-02
1.328058207539299998e-02
2.035997762751051710e-02
2.715590974505346228e-02
2.375980593809856600e-02
3.106183436410390325e-02
3.416970728794055390e-02
4.030714550065361834e-02
4.255392082714237745e-02
4.597653541486224071e-02
6.330188589741574112e-02
6.469198958615507422e-02
7.660180613649032744e-02
9.777267978137907378e-02
9.471838429898866984e-02
9.492309760628003801e-02
9.292446952735780585e-02
1.116533593279839948e-01
1.288363810430556700e-01
1.380089573514286516e-01
1.394628481233496642e-01
1.515703782335439398e-01
1.563271020197529171e-01
1.593019931591808103e-01
1.702860030870549934e-01
1.749225434477146846e-01
1.915554552961651891e-01
1.903676418386595626e-01
2.040251512440668935e-01
