-3.604103066033426226e-04
-3.644687645006250420e-03
-2.747295918961611852e-04
3.284586860965177553e-03
2.746598731665272908e-03
7.535574265522271449e-03
1.089001186304319226e-02
6.354191327668701553e-03
1.197852034630955166e-02
1.342491336090105916e-02
5.895368049574222988e-03
7.857994683440417197e-03
1.093707959654501884e-02
1.421148714202296118e-02
2.814855554614368455e-02
4.258455585331297893e-02
3.595713686657973224e-02
2.601757935932198437e-02
2.964312370937811567e-02
3.078946887465008192e-02
4.351076868785454937e-02
5.426597859566584248e-02
6.386558727976350547e-02
6.465739739631252980e-02
7.247789046015214176e-02
7.812812364411811372e-02
9.539134482350811184e-02
9.561867738528810612e-02
1.080651528463413003e-01
1.222838254421926563e-01
1.331371063070775906e-01
1.450129390359560233e-01
1.381732463098178099e-01
1.392390051025870490e-01
1.395465828072030290e-01
1.415302081768921028e-01
1.542010881029838854e-01
1.778893029664239123e-01
1.702575725858643807e-01
1.735975280591787739e-01
