9.335860318392619423e-04
-1.530214469613966431e-03
-3.045089911058784793e-03
-6.153630734696058542e-03
-1.299563850205940306e-02
-6.702976624074352338e-03
-1.678199172853034413e-03
3.712806338557683543e-03
3.443982425724634311e-03
7.455807528028124756e-03
1.387916539729072696e-02
2.243349149641193918e-02
3.044376632739513935e-02
3.011970880182808161e-02
3.831180433147594183e-02
4.096260916488816267e-02
4.681505503966078979e-02
4.491959613671454854e-02
4.272691713876745900e-02
4.594456338562231956e-02
4.820988044462772709e-02
5.107174888516254757e-02
4.574271121028843090e-02
3.156369989040506280e-02
4.479321121283419416e-02
4.716868061494387809e-02
6.071961475131857494e-02
7.126767749157351950e-02
8.439025428406062013e-02
1.036133769852924102e-01
1.274054259142456402e-01
1.428391867517991298e-01
1.438599092395516921e-01
1.556923484679927638e-01
1.615363389257097881e-01
1.756005663810363271e-01
1.822424614811957722e-01
1.875761401011665497e-01
1.846521808664768061e-01
1.749250531640427764e-01
