5.557735609507119534e-07
5.099586932626643150e-03
3.253987728926510583e-03
2.774499993363388657e-03
5.194439960672703194e-03
-2.427185177262103540e-03
2.083554743775017752e-03
1.350280728980592961e-02
2.181306951393580107e-02
2.711501158040050680e-02
4.045621588412214031e-02
3.609726804532335798e-02
4.397972244409764642e-02
3.177931073278941060e-02
3.120173758083062340e-02
3.306805041879812279e-02
3.602155690255450654e-02
3.943220021235269851e-02
4.317364721069587297e-02
4.219808693517741738e-02
6.111955009447278542e-02
6.274485723550818350e-02
7.703020188112041922e-02
9.048258304193979029e-02
8.302659899010329803e-02
7.709365621641453559e-02
8.548225598316464002e-02
1.017931479921056620e-01
9.067966548228448276e-02
8.491790292891820968e-02
7.172668012760965994e-02
8.151513328161250072e-02
9.126947267877731640e-02
1.068956048548272975e-01
8.929487376067228588e-02
1.080920955929812466e-01
1.112836224984306427e-01
1.118676088643887623e-01
1.096977154963710149e-01
1.192565244880256642e-01
