1.070939327682607313e-03
3.279242428850803748e-03
4.510874305505563342e-03
4.399905125109260587e-03
5.178616655855172723e-03
-2.025921348712600488e-04
8.317153389886654952e-03
6.133288982481310478e-03
1.704814526467934811e-03
2.258246986443523865e-03
7.549774582755475368e-03
1.468763613608796773e-02
1.975675422708178530e-02
1.872304292777684370e-02
1.955373906905251077e-02
2.204137054755648389e-02
2.824233231578538936e-02
3.976222050791733409e-02
5.760505217253566318e-02
5.196492024172130048e-02
6.121756636071786634e-02
6.347142044712192344e-02
7.077895394058657252e-02
7.318827966064204993e-02
7.715745348688649030e-02
8.076836416027291521e-02
5.662651129161204444e-02
5.584160069760102374e-02
5.099731306124759278e-02
6.766867362746431525e-02
7.338436235304079958e-02
7.719568812574877092e-02
8.366709700027108454e-02
8.936015505176655993e-02
9.542698680063743666e-02
1.037538283506638237e-01
1.179511777655641025e-01
1.311520480766560637e-01
1.416629836324631297e-01
1.229367941040798995e-01
