-5.402923582151109450e-04
7.550899809897870362e-04
1.357820338134629922e-03
4.462586666118273544e-03
1.000853873441371819e-02
1.101423999265982445e-02
1.666005060495106063e-02
1.841291708007624164e-02
1.773802924125717981e-02
1.798646687294596161e-02
2.227038406507943907e-02
7.311125787134606369e-02
3.504184196947975061e-02
3.283949997809720855e-02
2.745137814945124502e-02
2.391073613261447336e-02
3.371133617794512538e-02
2.746437789971416590e-02
3.074046743329752335e-02
3.505199697535275188e-02
3.411679501570503981e-02
3.601036001770552275e-02
2.287778190577469811e-02
1.514963832455364957e-02
1.568703749005777651e-02
2.654647636396276905e-02
2.459893882117576355e-02
2.640946023337349333e-02
2.943124008507957967e-02
3.600010502119417588e-02
3.456710869105102113e-02
3.374715916536992488e-02
4.105050120452702345e-02
5.896709396050035107e-02
5.733333662340527048e-02
7.035885515962192471e-02
7.649099371725257002e-02
6.148480553699755408e-02
6.050222598804637364e-02
6.579670250703770207e-02
