3.437721203971655457e-03
5.657745028984306757e-03
1.042185086878566480e-02
7.691713664021992969e-03
7.469128062123608566e-03
9.089096170022870416e-03
1.129649214304517812e-02
1.107445219757110556e-02
1.638663757284319900e-02
1.494114777357609045e-02
1.810395146579910769e-02
2.502524826103549177e-02
2.224002837078629252e-02
2.273176544711468308e-02
3.725119589760481770e-02
3.854579254217042894e-02
3.574211942805973624e-02
3.520139643030972820e-02
4.828121687165776166e-02
5.027050293682222559e-02
5.287945485744281054e-02
6.274564229703613605e-02
7.734963608637741850e-02
8.388233454404207812e-02
8.077193050320019552e-02
1.350895572348075890e-01
8.677364704870313417e-02
8.560619281037915029e-02
8.376829734392465809e-02
8.331467335537467989e-02
8.348151026167513478e-02
9.475577364468819319e-02
1.094548626154583787e-01
1.111503704230802497e-01
1.278074129591587338e-01
1.340540314619254048e-01
1.434568085607807464e-01
1.485824342103711504e-01
1.500802253445925882e-01
1.745762444584272599e-01
