2.801694235571505851e-03
4.358631000560109214e-03
6.659626349375269254e-03
7.446303953607280417e-03
5.912995192718551070e-03
-2.274659822000302083e-03
1.337798061429804584e-02
1.242471008503933695e-02
1.072923430518173474e-02
6.975249188919932508e-02
2.501009050329656633e-02
2.379573738142184286e-02
1.943323511065884329e-02
1.748075493203167172e-02
2.898000342761584275e-02
4.438968766585489611e-02
4.050881443442300167e-02
3.397443847822501084e-02
3.894850076767895214e-02
4.871244120738076055e-02
4.615483447807626483e-02
4.941250466298648114e-02
5.657536521625879111e-02
5.499613604287425378e-02
5.035299228956766765e-02
5.727943102802939002e-02
6.367309038554722078e-02
7.458238459693262989e-02
7.928974121692747290e-02
7.751848102151477626e-02
8.810015866632489590e-02
8.511625057948109252e-02
8.316861643869230547e-02
8.368627827702468380e-02
8.337449376526677447e-02
9.253328401954234728e-02
1.119923749249352313e-01
1.198653956375913820e-01
1.312273995222177914e-01
1.296486311327655072e-01
