1.640786919020364998e-03
1.474726768011080935e-03
4.925343321143050082e-03
8.282907644208669859e-03
5.975326505360989589e-03
1.058837362237454761e-02
1.256705268244591098e-02
2.153170864770430695e-02
1.501486424728639725e-02
1.510971986575810819e-02
2.201101847078561560e-02
1.309223048626986276e-02
1.523618912842366127e-02
2.777362333285857826e-02
3.047029258956044512e-02
3.612813925317866215e-02
5.691624037587530299e-02
6.023526519812314600e-02
6.426002631959733258e-02
6.922685848031555345e-02
7.213315620817617457e-02
7.947961828216705549e-02
6.952224602599485492e-02
7.153267734615269269e-02
7.982263778251130759e-02
7.529644818409195195e-02
7.783783502269336907e-02
8.711184248007483588e-02
9.204260206915826359e-02
7.616279537936634925e-02
9.034973393923131924e-02
1.002416175693277012e-01
1.024935531449404635e-01
9.746957842819981011e-02
9.617111304343062272e-02
8.893766622174155423e-02
8.310953192209993845e-02
8.962832650679430913e-02
9.685393504741383885e-02
1.292720594947702750e-01
