-8.142695334450334322e-04
1.899006282148185632e-03
4.177113403714294293e-03
8.105558650508281476e-03
1.954119119156771944e-03
-2.778653463723302014e-04
-5.018125338023616058e-03
-4.998281719570841098e-04
-1.557858556154911910e-03
-2.467596833680474333e-03
3.977200938915537512e-03
1.470970200210484045e-02
6.342882703852481714e-03
1.034161979563954538e-02
1.700098294582517294e-02
3.802789147884624160e-02
4.166482964798597088e-02
4.325721290462993668e-02
5.365718505951448669e-02
5.540199243350478475e-02
6.164052411752685146e-02
6.688926943188669427e-02
5.366633381784637752e-02
4.507081390706559748e-02
5.325942181519671692e-02
7.075650414018319623e-02
6.987811905922711175e-02
6.512886161170890198e-02
7.028879873825530367e-02
7.983382078796061321e-02
8.157453667923383889e-02
7.976388071965452575e-02
7.887276981495752737e-02
8.992385027174165657e-02
1.111325697177051042e-01
1.024862212852063748e-01
1.050380861077599148e-01
1.056836870439973042e-01
1.059631916236845883e-01
1.070808988381465043e-01
