-4.843570870229019438e-04
-4.134686184425762252e-03
-3.635173419382553648e-03
-3.332404119848675437e-03
-1.830902817846080709e-03
-6.221367258822141019e-03
-6.289100338993769412e-03
-3.766140555889130152e-03
9.251711794559903251e-03
6.827334093310355109e-03
1.585774338336189831e-02
1.634873583023512683e-02
1.632788845749679613e-02
2.701931746619266189e-02
3.999808836383174360e-02
4.201319207278864098e-02
4.971174771906135270e-02
5.521077491750218946e-02
5.396729402983276025e-02
5.052598990584122873e-02
4.783291329383772272e-02
4.191030557188142602e-02
4.792806641360521092e-02
4.448732709518523482e-02
5.609661135495933731e-02
6.358618142950404895e-02
7.523578386875158508e-02
8.807781674935952210e-02
9.591154450305161561e-02
1.073766090231003945e-01
1.196922762180133021e-01
1.228162259596640438e-01
1.205467668706486223e-01
1.152991471983895594e-01
1.329682421523532554e-01
1.547036927192277089e-01
1.743815047212180502e-01
1.848502611800334761e-01
2.156938905554682262e-01
2.150120649129178274e-01
