-1.271853905097986069e-04
1.991862088335238923e-03
6.649566167718834464e-03
9.753977159357773985e-03
1.263879372824341409e-02
1.252884664179187979e-02
1.775568504891609362e-02
2.182751826243620880e-02
2.081292818591773397e-02
2.073574554102428774e-02
2.671424776126105766e-02
2.785449786928033758e-02
2.667053687240112866e-02
2.293162928705143669e-02
2.641135022179703570e-02
3.324895764276760562e-02
2.660893311142338222e-02
3.360548943984476011e-02
3.893452835020490277e-02
4.953783945820546680e-02
7.831209182871923247e-02
8.437666365465119889e-02
7.820937367628069681e-02
8.092931332440223002e-02
8.228088313714501667e-02
8.483349753666828696e-02
9.330530320373711661e-02
1.084738722626390484e-01
1.161758958764011196e-01
1.075386303148778977e-01
1.083933276958017472e-01
1.255342263059386343e-01
1.218091270242251112e-01
1.298748947283410726e-01
1.197919680622444305e-01
1.383477916600803215e-01
1.485028384036723992e-01
1.620128676440138749e-01
1.729705818799288919e-01
1.635523444437019802e-01
