4.208028560712673147e-05
2.919037153927695003e-03
3.296674667397248015e-03
-2.405995518729930720e-03
7.018188450642170572e-04
9.345226764131808056e-03
9.672237178211062422e-03
1.353940704760940930e-02
1.750621570566455315e-02
1.547774526355638613e-02
1.189241147925628253e-02
1.735141964907232007e-02
1.404248659300328869e-02
7.452093672820581279e-03
1.821144506466261179e-02
2.064615319832192528e-02
1.672603105518533084e-02
1.513761927988603942e-02
2.697979182149019481e-02
3.251418419589242881e-02
4.226034328824397612e-02
4.082204655328318388e-02
3.269714004400654794e-02
2.776360489580440710e-02
3.219297321124230116e-02
2.898820664460544094e-02
4.030604715835970492e-02
4.888266935065850582e-02
6.112523743086164391e-02
7.885230963297935880e-02
9.927001328120965695e-02
9.833266054238372356e-02
9.920148682040874633e-02
1.087523984279723521e-01
1.166174728160044027e-01
1.140635944761626830e-01
1.172104751487623303e-01
1.200566658641946532e-01
1.332632248547504505e-01
1.403044797487872641e-01
