2.126848451363283314e-03
-8.502543410462414810e-05
1.729671774374796824e-03
-4.453963315808273865e-04
-7.056127824808999457e-03
-1.259014965756044503e-03
-5.944770278334310723e-03
-8.018419433501122739e-03
-1.013719916650188645e-02
-7.020524780383219192e-03
-1.011328575816712247e-02
-1.889658431788792184e-02
-2.164959894868800916e-02
-2.513819563443569008e-02
-2.012879822524098541e-02
-1.494779909054990731e-02
-1.632696633211381393e-02
-1.982161697200410938e-02
-1.791791037813723550e-02
-2.718806844625198949e-02
-1.284798506689668364e-02
-8.311239184554963105e-03
-5.614690340617655914e-03
9.312814867535124455e-03
1.610635086343776765e-02
2.316214447826716455e-02
2.390789382274966998e-02
2.376618528622316193e-02
2.297896392250180567e-02
1.494425818047915265e-02
2.149540259039319640e-02
3.114571655038709391e-02
4.142796307977754389e-02
6.511965837707656135e-02
6.366207190964238982e-02
6.800174211113656220e-02
8.289771426958907063e-02
9.752311670799684862e-02
9.935847469294997736e-02
1.057559794581223456e-01
