2.132914759360526793e-03
2.243605933047731902e-05
-1.476299996124286282e-03
-2.511884386504359586e-03
-4.910636473868379773e-03
1.957219237975493971e-03
2.132203918194264160e-03
1.543634931073967166e-03
5.891126370578625079e-03
1.493433314138723454e-02
2.099739739733532534e-02
2.182101325226817184e-02
1.755524952100308983e-02
3.154492155164732164e-02
3.252478814469626084e-02
2.672538427871771344e-02
3.378671912653672532e-02
3.012091168049870621e-02
3.535374539248827691e-02
3.665455258684922196e-02
3.194630476366917826e-02
4.176332854687139079e-02
4.728818491887167713e-02
4.716949937287395755e-02
5.351399431512859906e-02
5.097594358633585759e-02
5.912068508874775141e-02
6.573682523797756694e-02
7.002286311702618504e-02
7.306471934514888189e-02
7.664264515641754094e-02
7.681872822561146286e-02
7.880576544357253965e-02
9.141344643932640401e-02
9.578334618013287227e-02
9.161185896589607580e-02
8.834480463515319293e-02
8.164619991919863651e-02
9.490245089734301864e-02
1.004570169750323289e-01
