-3.164774190875796342e-05
-1.944551963131591066e-03
3.979879652731277417e-04
3.383640672127263935e-04
-7.714954257562922808e-03
-7.871980804433853507e-03
-1.961931519744197772e-02
-2.052801424996193377e-02
-1.592686056431276073e-02
-1.524721466874101594e-02
-1.552603115943629319e-02
-7.657922312966291938e-03
-1.716014912288699092e-03
4.514406372031487535e-03
5.092606269222699211e-03
1.462315232633031384e-02
1.019082618207143263e-02
1.810993315995368391e-02
2.296305130488072305e-02
2.089548690440885467e-02
1.661625132962214410e-02
4.548406593920617177e-03
-5.851398965577914342e-03
7.341522916630083100e-03
2.473269256457015855e-02
2.751099780293237915e-02
9.540942038469424347e-02
4.586219237181907854e-02
5.813077174746013320e-02
5.558329688237613475e-02
5.745227748294503417e-02
4.891280871179901762e-02
5.574955316835321362e-02
4.952102403323870028e-02
4.784341531651215007e-02
5.262273182125198900e-02
5.757579908995573426e-02
6.561468958338530222e-02
5.737805731780767221e-02
4.742077368957851174e-02
