6.441305671502029146e-04
2.530268767339549554e-03
3.903842673566693122e-03
6.373614047223874653e-03
7.468553315734638258e-03
1.284442320995111617e-02
1.574384343371360018e-02
6.618980074624048263e-03
9.685857227616168075e-03
9.328188610888511062e-03
1.862671065860333017e-03
6.354078197241186041e-03
1.166389488510368756e-02
1.980828319945047294e-02
1.860280771171716335e-02
2.255592254217333309e-02
1.836421092761852947e-02
1.501230230969099501e-02
1.233110857589707690e-02
2.140544737295329084e-02
4.259284415064144153e-02
5.132542706644258740e-02
6.191379689739555381e-02
6.203351202127791592e-02
7.999267357221846730e-02
9.005465984104255028e-02
9.860662829433089471e-02
1.086749508016886523e-01
1.075963593937295515e-01
1.088114231148118449e-01
1.187343663511729319e-01
1.213507267332587930e-01
1.229964772267180678e-01
1.299016618549401758e-01
1.389557984841982008e-01
1.494643851725825923e-01
1.672408749410205786e-01
1.787883707405711620e-01
1.898766080912253074e-01
2.038356900583593867e-01
