-1.672744323962005539e-03
-1.408624898537569250e-03
-2.224199318181874132e-03
8.026864602236116536e-04
9.540942346741854152e-03
1.032885637571965241e-02
1.540914860869175770e-02
1.788903589263153224e-02
1.277500491621648068e-02
1.914569388819735776e-02
2.626912322406589270e-02
2.283341607508830931e-02
2.827301625143938818e-02
2.853514435717343506e-02
4.377012891269558420e-02
4.826137752571178080e-02
5.204279905386108990e-02
6.223890022204514594e-02
7.399556087286711381e-02
8.210331694945516290e-02
8.960122201497781880e-02
7.872184424503388123e-02
9.804039913781181781e-02
9.628384123150049434e-02
1.134695357103698427e-01
1.220128690412654038e-01
1.421299304340909175e-01
1.494665186458561945e-01
1.560942830136369253e-01
1.540471193911883974e-01
1.422959497878679147e-01
1.502544731189889293e-01
1.566419068417754801e-01
1.561317307974729174e-01
1.689978115196414110e-01
1.688166449407376146e-01
1.772328354622743629e-01
1.893179477070681682e-01
1.959794104161396433e-01
1.968008031309508854e-01
