-1.748340577630669345e-03
-1.949830136075325539e-03
2.856125011386634414e-03
1.293207773176075024e-03
-4.054183563611690570e-03
-4.162577619741725590e-03
-6.481406610506113431e-04
3.015780450262184331e-03
6.717042549059826576e-03
1.149993015764039228e-02
1.601461720236940778e-02
1.880423423940129693e-02
2.328476381058486311e-02
2.805127191757677066e-02
2.895873580071217646e-02
2.299513770488346293e-02
1.974167380470497404e-02
2.007932169545973908e-02
3.107791821029905893e-02
1.870799680946788612e-02
1.128703608627397090e-02
1.293465023798638994e-02
2.557266299240055357e-02
2.535239894042433731e-02
2.720155838993392264e-02
4.080544639278684688e-02
4.965407335869755773e-02
6.129540182577777191e-02
7.688063139166630144e-02
7.779319851990926238e-02
8.314389010265585411e-02
9.787556951591724896e-02
1.100570799210835587e-01
1.191848046246796883e-01
1.327612855218006926e-01
1.449589077736320175e-01
1.515864590340413598e-01
1.478004503918853574e-01
1.665853162835510548e-01
1.795007611481629906e-01
