-1.789588232791716835e-03
-1.871511117696211899e-03
6.846716412547415587e-04
-9.323994996988105841e-05
1.565691657876655627e-03
-1.463077402441648276e-03
2.624619557997753816e-03
2.191424816856724165e-03
7.857559481724507577e-03
1.518542649367393693e-02
1.280104103923740411e-02
8.638575354213352125e-03
9.737249510954271853e-03
2.299097608507487747e-02
3.356104325788926424e-02
3.721108183177505857e-02
4.942728847538688935e-02
6.652116074932727663e-02
7.791413061017279928e-02
7.634991527379142440e-02
8.305631922783654475e-02
9.466640884532787070e-02
8.237946038364149515e-02
9.413930288372256150e-02
1.150561710456862868e-01
1.038634053028694437e-01
9.909977579178388951e-02
1.173077446004100466e-01
1.117506447568974437e-01
9.733634802096773064e-02
9.660318359505275232e-02
9.976718057115760430e-02
1.246934355618350282e-01
1.367216671814031059e-01
1.385013144811409747e-01
1.432903012772971663e-01
1.401612313181445357e-01
1.579510780045588203e-01
1.763843178458266436e-01
1.867306156189769695e-01
