8.251348282601877755e-05
1.665501138439218209e-03
3.309058312993151500e-03
-1.397827042290877755e-03
5.788315197860693581e-03
8.256242288500813958e-03
8.268387633916952223e-03
9.740019899653340474e-03
1.044247722817992496e-02
7.423980438605326700e-03
8.528505620566662754e-03
1.488788941508065698e-02
2.165526597750364740e-02
1.950914552965556797e-02
1.910108947342159524e-02
1.685391047894100464e-02
2.512914225607509877e-02
2.605103745598036369e-02
2.434422154669597591e-02
2.641334614678712139e-02
3.212154381398661662e-02
2.495993341628306370e-02
4.729899030778241670e-02
6.327499871271129173e-02
5.856137933227856252e-02
6.427335035692358089e-02
6.373178464483331140e-02
6.200155319906066470e-02
1.090667434510987077e-01
6.452223494771658352e-02
6.937091177109451501e-02
7.053070494708749139e-02
8.363362991146879033e-02
9.276810167241507366e-02
9.671642375666777980e-02
1.006887934969299125e-01
9.603909649014141792e-02
1.043482254171351487e-01
9.971548349582519399e-02
1.107907684528804254e-01
