7.303720835156957353e-04
1.001143923554881300e-04
-1.933422523025640771e-03
-7.437517576323405058e-03
-8.288093372559313110e-03
-1.994153835458334269e-03
2.655790955553527684e-03
8.300507363614784487e-03
1.169867123226957586e-02
1.971387820344592395e-02
1.853127350684520211e-02
1.261403199687070008e-02
1.783983477147153135e-02
2.743135557463070168e-02
2.425563993395698364e-02
2.511853152305114703e-02
2.747478585369691334e-02
2.461588542277617225e-02
2.770596066293649212e-02
3.628745185022239778e-02
4.836186016825010092e-02
5.302017612594554091e-02
5.597319144695873938e-02
6.254407362805344817e-02
7.249817751566531299e-02
7.557054160244405794e-02
7.603327136071591497e-02
7.364799909695314561e-02
8.027335222799188152e-02
8.511960841602536632e-02
1.014365372996767489e-01
1.005665143177655041e-01
9.792697241550527010e-02
1.096919016526083368e-01
9.590192606583443358e-02
8.712325643463500469e-02
1.061784885051096639e-01
1.138834665210225749e-01
1.252311170062917201e-01
1.352804537436497756e-01
