1.217714130407698912e-03
3.047100127222046768e-03
4.344073445086226934e-03
8.653753793492313228e-04
-8.764807104932436765e-04
7.055719149340866289e-03
1.097444411554153801e-02
1.482253178753900613e-02
1.746646912044731367e-02
2.504913899236704822e-02
3.593763187096392364e-02
3.811551368632013631e-02
3.657612772588336725e-02
4.026000502109212953e-02
4.746904061964905136e-02
4.899206359311456677e-02
4.908769801416070638e-02
4.606549360589830971e-02
4.023276524015244326e-02
3.269422493474678781e-02
3.242191888118171189e-02
4.424230347503588234e-02
4.652823518301581196e-02
5.037891893182973313e-02
5.642327642472722005e-02
5.857861086594695621e-02
6.357964124501477854e-02
7.843648543119847993e-02
8.906232957812605655e-02
8.576432348096822700e-02
9.047060695914517503e-02
9.284300935285010048e-02
9.006936642252619252e-02
9.421523350086573323e-02
9.180559984072970969e-02
1.012924135992079727e-01
1.029061403392795143e-01
1.018834463153979186e-01
1.060371744425104568e-01
1.122093726023386806e-01
