-2.033919838090403418e-03
-1.555247280052940526e-03
2.335654996615055181e-03
4.402214933744197194e-03
2.863388776970854539e-03
7.907108518246630871e-03
1.176999374083767015e-02
9.697784791474007085e-03
7.191821962591937734e-03
9.043916389820693888e-03
4.575797657270896934e-03
1.176169444975503318e-02
2.359550145723971967e-02
3.096699982468891291e-02
2.873562492241106200e-02
2.600552546524461522e-02
2.448410035041845983e-02
2.414228106637210727e-02
3.039397657212816739e-02
5.053892213970669761e-02
5.611638912428915799e-02
5.559452539959756912e-02
5.479906293197593647e-02
6.327008452464788490e-02
6.875412795462594595e-02
7.220782976867426428e-02
8.817514923119026959e-02
1.019821911240452322e-01
1.111231688965364783e-01
1.081825901801892059e-01
1.037625157723955083e-01
1.067155310237350163e-01
1.278122096840480226e-01
1.345500607487188915e-01
1.487910949442937947e-01
1.505457101031197342e-01
1.537332593368837819e-01
1.476874066912259309e-01
1.442653886159533383e-01
1.422543869700660935e-01
