1.042245505855632359e-03
-1.753294395525228965e-03
-4.258058677506948442e-03
-4.518366694363518295e-03
-1.390466045650651152e-03
2.586281082357188947e-03
4.605824999643637514e-03
1.127329532798526657e-02
1.411579348512983535e-02
1.036930496873011975e-02
1.217456909974021749e-02
2.005404776443633214e-02
3.111382674812048638e-02
3.914226751918583463e-02
3.412531589137231258e-02
2.782885793929779084e-02
4.010243491786198711e-02
3.895913975504292776e-02
3.493178961868821653e-02
4.131554982719513880e-02
3.769399842764258046e-02
4.464032832430149533e-02
4.881696124353318567e-02
6.140661606725394961e-02
6.487430045061159944e-02
7.369441983787972106e-02
7.364264063995662468e-02
6.500676466970958800e-02
8.370624300592269251e-02
8.789162189560890959e-02
9.734569228114864359e-02
1.145419988278561646e-01
1.059833990477827143e-01
1.113601406191911253e-01
1.203712909076909143e-01
1.226670270697511056e-01
1.327002525471940031e-01
1.453131309149604533e-01
1.499094753406417513e-01
1.539842756552303737e-01
