2.418348404398695697e-04
1.179308223042152461e-03
-4.551964921439832779e-04
5.242287031136516964e-03
1.362618874482306522e-02
4.000060452687392507e-03
3.914158523195254528e-03
6.118747649676237188e-03
1.348263851107507280e-02
2.347730494630368911e-02
2.070863326374379129e-02
2.271104466150575263e-02
1.952100401207452693e-02
2.225263752513129134e-02
2.070151192053728412e-02
3.212468286436589299e-02
4.144270840334200734e-02
5.135728201772309098e-02
5.593892713750072548e-02
4.647664712196686310e-02
3.442421014573752991e-02
2.947338005830886162e-02
4.089012662148938659e-02
4.714801766057021698e-02
5.428623091806770301e-02
5.758447508586606034e-02
6.883097987161476694e-02
8.020817964856200022e-02
8.476706364518804548e-02
9.641768132397814106e-02
9.289662579085841698e-02
1.060211398885506640e-01
1.191513087414129701e-01
1.307678635108768250e-01
1.581345514721036183e-01
1.704528858838834648e-01
1.828663214298139050e-01
1.912714130282210934e-01
1.964590099625802000e-01
1.944220043708789203e-01
