-5.089177034781177788e-04
1.983387079311072117e-03
3.322776234027102760e-04
2.289994329482958335e-04
2.291736894427120856e-03
2.288858766234547117e-03
2.718292180421855164e-03
4.093964056852428431e-03
1.072058479546456012e-03
-1.966814822137052769e-03
-1.554906182123083538e-03
-1.132477244802991903e-02
-2.500940906894300216e-03
8.214350366229083988e-03
2.916386752532993537e-02
2.186299407848473278e-02
3.122075085020625806e-02
2.949249588871474120e-02
2.932810606145821314e-02
4.072357598726199235e-02
4.345109627099219551e-02
4.992083203120003393e-02
5.220414736637622038e-02
5.629741653427586950e-02
5.255875447021196578e-02
5.164632412562646102e-02
6.293674720458959648e-02
7.683618027291139185e-02
8.306799146356454167e-02
8.111180520296308594e-02
8.351144912521420161e-02
8.832987650558692116e-02
9.802847285135847522e-02
1.095210865496632352e-01
1.137496709076209755e-01
1.266491096463759902e-01
1.285421762795337375e-01
1.352944804993320704e-01
1.372022653200218600e-01
1.416181957785546675e-01
