1.173151404512351394e-04
2.999511170097957265e-03
9.677035742254692235e-03
1.300002857040203318e-02
1.794617812650418573e-02
1.019774734789713477e-02
3.766508623905373554e-03
3.989840541352762671e-03
1.002285335642856198e-02
1.239743313710253182e-02
1.363278613860270314e-02
1.649878368043484686e-02
2.577200353954616288e-02
2.980329502818861512e-02
3.431189110123185337e-02
3.846969636123453995e-02
5.325933418290382942e-02
5.835186994430152652e-02
6.723164453762855985e-02
7.463472609207463804e-02
7.751941122400544948e-02
8.192388243448825436e-02
8.840367569534954284e-02
9.308530955532283435e-02
9.925444533778993161e-02
1.121452899691249144e-01
1.054982573469484264e-01
9.890959817638603213e-02
9.642552607385752872e-02
9.039294776605225068e-02
1.038683665372726467e-01
1.075984984507535047e-01
1.258764479140626891e-01
1.306601090742436355e-01
1.204077641562676659e-01
1.296625740691670359e-01
1.458385433324402014e-01
1.517914033842416299e-01
1.624058874357814375e-01
1.903172796931272559e-01
