-2.425350615921972874e-03
1.525650108222542612e-03
2.167875996379109525e-03
7.730228691575202933e-03
5.730380042501171181e-03
3.542856814488892607e-03
7.482222719605857719e-04
3.321796619797723251e-03
6.500185444588523886e-04
1.169851260657477424e-02
6.717740861069643361e-03
1.883167120920390541e-02
2.698292704575457751e-02
3.159398550050198512e-02
2.670612235325506983e-02
2.854924793930209079e-02
3.167323264786148229e-02
3.632027917581872462e-02
3.855354601749603344e-02
3.790063510351835557e-02
3.986007877118424858e-02
4.494113845581608480e-02
4.658218309264441220e-02
3.640507216147952085e-02
4.515533653609260512e-02
4.024781037561986352e-02
3.173730646606535977e-02
4.416550757424140411e-02
5.036003128012822572e-02
4.996931166945941388e-02
5.417508501603407467e-02
7.034564981358890079e-02
8.742671777371668895e-02
9.697087616651778319e-02
1.118518317995107481e-01
1.154785844239079040e-01
1.223179665597783072e-01
1.341310245388207534e-01
1.420222893266611663e-01
1.512531916024997258e-01
