-1.963493440819607996e-03
-3.261599696940598123e-03
-2.607930998511864829e-03
2.808187397958139715e-03
6.509815400066632125e-03
1.116633808386087098e-02
7.376055294782269192e-03
9.366182303786630206e-03
9.237290175778590032e-03
1.914090565873145453e-02
2.159389475208524020e-02
1.879974249424041371e-02
1.874049309133063446e-02
1.670973779117836816e-02
2.248292921273922079e-02
2.018394815329678169e-02
2.926490461597275328e-02
3.120221425008438271e-02
3.963134498081686413e-02
4.737249394901965616e-02
4.873245694428760683e-02
4.727500710191492178e-02
5.448540666411964828e-02
4.853140781806928455e-02
5.457959805827634903e-02
5.703876930397271117e-02
5.233520466200687615e-02
6.450316537419845120e-02
6.551319585401742251e-02
7.501114632864336329e-02
6.743870594435605326e-02
7.938947287382198958e-02
7.252216647093626123e-02
7.958210558574521643e-02
9.316882240765914092e-02
9.754205062009049798e-02
8.273131290618138123e-02
9.074505361489429434e-02
1.137521076221929689e-01
1.314414457173931905e-01
