-7.957748974018574294e-04
2.058092301984748487e-03
4.667769848077085552e-03
8.866090691920370040e-03
9.912427675305045954e-03
1.673902059861145236e-02
2.092298105892531623e-02
2.478346459983988767e-02
1.845403583336207090e-02
2.267140049753368913e-02
2.318953649107342516e-02
3.093519987465551818e-02
2.878565919654008098e-02
3.620197938764846413e-02
3.750868652520722435e-02
3.411002689801776594e-02
3.925561044845160552e-02
3.695202205684040841e-02
3.506278304317334005e-02
3.697441392948590255e-02
4.422054444721332939e-02
3.833535132890410896e-02
3.133973540763505816e-02
3.462422195517404766e-02
4.755383394683328213e-02
5.177764956766033044e-02
6.972113709548537208e-02
7.605819940393736267e-02
1.320421074299101549e-01
7.487409220454602221e-02
8.607788546371786254e-02
8.283596083000262233e-02
9.704006452630942192e-02
1.149842486657043084e-01
1.051307923868868982e-01
1.013788106338395778e-01
9.355265642991383856e-02
1.073566142704542870e-01
1.157965341615501131e-01
1.266383838170902776e-01
