7.152340996742001305e-04
6.614631431958172838e-05
-1.347875282499533213e-03
-7.714730978207740280e-05
-3.836832273393131574e-03
-6.746279192776150069e-03
-8.430909756260618684e-03
-3.826016429428236252e-03
1.296133253234010895e-03
-4.982964586897509641e-04
1.747043119296520840e-04
2.195008390188846106e-03
9.890747688670131418e-03
2.465120647243921465e-02
2.632251470647872793e-02
3.286565383741439639e-02
3.823888253067089099e-02
3.546675407692667648e-02
4.387712319963590207e-02
4.346058130815962095e-02
5.458289984595943167e-02
6.409715055199782796e-02
6.530518819782962781e-02
8.366036995654795028e-02
9.154092834606189499e-02
8.229927124039590480e-02
9.220044009959060816e-02
9.706763690894675001e-02
1.006702748086894389e-01
1.003175530140122673e-01
1.131428348693432895e-01
1.026974151216119707e-01
1.161767791483910572e-01
1.170259428181168460e-01
1.104926373971061027e-01
1.180076654299028888e-01
1.167925633002980107e-01
1.206208674882418563e-01
1.179996296109528942e-01
1.484653387927984680e-01
