-1.493944941172653572e-03
-5.033740469210057182e-03
-7.908237996636025696e-03
-6.691312694530271443e-03
-1.011403052945487532e-02
-1.276364729229584327e-02
-9.673762163024512972e-03
-8.505448860519848608e-03
-5.120688809858542183e-03
1.426676584788566515e-03
3.347763038385842375e-03
4.468103355157637853e-03
1.478929601376428524e-02
1.274548708341285454e-02
1.219274071377469612e-02
1.236307761522752527e-02
1.372492922520613876e-02
2.749673044965206259e-03
2.013178804129367276e-03
1.043993128923830296e-02
2.871235464698713644e-02
3.456464148855999813e-02
5.092636356579092333e-02
6.141694454429362515e-02
8.232534386973142104e-02
8.770558608373342502e-02
8.818640032525273953e-02
9.227039007916992830e-02
1.011539422268231958e-01
9.654651112803022683e-02
1.089428071895227335e-01
1.148880023700982606e-01
1.256848819094663894e-01
1.354243486242047712e-01
1.476848849331670321e-01
1.542474719419725804e-01
1.578160555941948984e-01
1.734820656739771150e-01
1.705215638292628400e-01
1.731279052611320313e-01
