6.676695257736397614e-04
2.590151237860860520e-03
6.231526537571507526e-03
5.933301463189710745e-03
1.076555382936827954e-02
5.716425651187862118e-03
4.582620835138407137e-03
9.129986688555469243e-03
5.907263364420600738e-03
1.434780019635226687e-02
1.595612361270237756e-02
1.308143268590384808e-02
1.719107193971503023e-02
2.137155387467792877e-02
2.377779440692435672e-02
2.914387146012060656e-02
3.929940317313764669e-02
4.983338632596030771e-02
5.047582658079931978e-02
4.776783360069920825e-02
5.335455926583598796e-02
5.591519603709862313e-02
4.810506092401993505e-02
4.739599367247641915e-02
4.838532020268644651e-02
4.618258231085796417e-02
7.787338027746208702e-02
9.452062580126466274e-02
1.130196094103567417e-01
1.233394553259380133e-01
1.287459608994449556e-01
1.234877348307907852e-01
1.187893006783141969e-01
1.163539401221999753e-01
1.658899573690472695e-01
1.271234020895164463e-01
1.289239134594403480e-01
1.451175925332016392e-01
1.591363511054773028e-01
1.846534039443817332e-01
