-1.217136686974606931e-03
-1.150401466125927684e-03
-2.672214865712074956e-03
-4.377964150485525005e-04
-3.818196346781466220e-03
1.644361202101407658e-03
3.938003396734579900e-03
2.343499391056979957e-03
-3.946222279793509639e-03
-9.311835489758557571e-03
-8.843510221237239205e-03
-7.414121668726991396e-03
-2.394146906609506860e-03
-1.167027250421526132e-03
-2.298833321460946964e-03
1.776933795018820162e-03
5.631082031705147983e-04
6.776553297091680514e-03
2.784790534822363314e-02
3.636559124226330930e-02
5.322983030091350820e-02
5.582008836443321659e-02
5.732659631906322772e-02
5.578275321664030034e-02
5.760845175330402135e-02
7.531639911090622086e-02
9.418949767396930794e-02
1.062037352951019642e-01
1.528771626366211278e-01
1.359523777005506306e-01
1.383544697344412100e-01
1.474352491840271173e-01
1.524327720493168781e-01
1.629926667456487732e-01
1.810347752745428695e-01
1.758770629449017409e-01
1.919142958477109973e-01
2.121211838307317521e-01
2.014286971890378308e-01
2.022438196260885890e-01
