-3.916931373567189676e-04
2.703595435050054510e-04
-5.386686197584644514e-04
5.102005378761731783e-03
8.646848978757847720e-03
4.330331799871522946e-03
1.380102524568549427e-03
-6.205152702998262271e-04
1.726091537451068694e-04
-6.198545832622315462e-03
-6.315929636537375835e-04
2.232523009304543393e-04
7.471365494937387726e-03
-7.206652172089889237e-03
-3.135358734605020459e-03
3.348705057195644486e-03
6.384979650424682691e-03
5.909100206999085220e-04
2.942501705246414363e-03
4.444702923671428434e-03
1.257583271347684174e-03
1.233168341578725312e-02
1.519620554096405909e-02
2.126495221714925707e-02
2.880862281156986240e-02
3.323140699518312147e-02
3.967994656741531678e-02
3.696388775565466467e-02
3.219043145677140394e-02
1.206204976489395550e-02
3.781434796200784654e-02
6.053963808319693524e-02
7.714031150335323717e-02
9.630809143246174542e-02
1.164762774765730341e-01
1.342857255153251939e-01
1.465410969627264082e-01
1.453415793552075286e-01
1.456576400253624115e-01
1.717582793890613801e-01
