-9.334204824452907662e-04
3.458058335257696461e-04
3.827101380301200974e-03
4.010570713588190901e-03
7.320008751334761143e-03
7.727927812141821562e-03
1.157339903859071553e-02
1.527517021598185851e-02
1.607889730913853940e-02
1.946171893284027662e-02
1.738120859077838670e-02
1.911614373961061444e-02
1.874810188740312286e-02
3.001456563015842890e-02
2.959667396304759349e-02
3.329250120975757454e-02
3.073454104869704009e-02
3.718643789501818731e-02
4.320018100333235939e-02
4.952238340977608427e-02
6.589522503932628006e-02
6.079948833363815058e-02
5.906407114552969517e-02
7.613390448536705435e-02
6.667271725118339987e-02
8.105506416612370812e-02
7.385954812113375290e-02
7.563103239478934092e-02
7.998411044944511716e-02
1.050649842499030429e-01
1.217564346159196731e-01
1.308505559216413816e-01
1.347339847971198989e-01
1.435942784413700990e-01
1.377635265630764994e-01
1.634131272747381958e-01
1.918571021516989050e-01
1.861205635235208544e-01
1.946120010591421701e-01
2.128935878433004802e-01
