2.0 0.0 0.0 0.010969672398220125 0.005927693134354862    3.65 197.29   0.   197.56   0.     3.68  4.492297496957084e-13 4.5899165949473785e-14 0.6364882947943616 8.672799720140271e-06 0.010969672397876032 0.6364969675941393 0.005927693134357469
2.0 0.04 0.0 0.012417711967658396 0.00793276070664027    3.74 196.54   0.   199.1    0.     3.69  0.0006024849535555404 0.0004316945475806884 0.6292369364916548 6.0697549689333146e-05 0.013020196920438442 0.6292976340413959 0.008346763138113479
2.0 0.08 0.0 0.011092309917103981 0.0070363338172130165    3.56 196.3    0.   198.15   0.     3.55  0.0012837792124764746 0.001075753842820935 0.6240561619932016 -5.442194587606841e-05 0.012376089125630459 0.6240017400472272 0.00813297655394017
2.0 0.12 0.0 0.011773052381482435 0.010277049624033922    3.69 196.15   0.   197.22   1.04   3.68  0.004304751821092153 0.0016390992649894544 0.6255760164728885 6.475185575727665e-05 0.016077804203754324 0.6256407683286849 0.01195855588317742
2.0 0.16 0.0 0.01020150550232247 0.010273760591154495    3.69 197.04   0.   199.02   2.14   3.72  0.00799826873271395 0.002868168584653843 0.6324376902155794 8.9641590532968e-06 0.01819977423089258 0.6324466543746501 0.013184070493502684
2.0 0.2 0.0 0.011247022485509963 0.01062036532327026    3.64 197.59   0.   199.25   3.72   3.55  0.007166170255774158 0.0023823240771996402 0.6361091584992898 2.996820617360451e-05 0.018413192744610934 0.6361391267054626 0.013039551354269497
2.0 0.24 0.0 0.012029175096724975 0.013181555390418967    3.65 198.48   0.   199.08   5.53   3.71  0.013284761283637696 0.0054795573086305616 0.6272756364985221 -0.00019628333120884537 0.02531393638361151 0.6270793531672996 0.018758417127975067
2.0 0.28 0.0 0.01031431979107098 0.014001564459107066    3.75 198.89   0.   198.57   7.57   3.73  0.02064003727884786 0.007687944556373683 0.6414403817665854 6.0426622325394424e-05 0.030954357071152846 0.6415008083889667 0.022046170887195814
2.0 0.32 0.0 0.01055891637988437 0.016610498672603835    3.69 201.48   0.   200.84   9.87   3.79  0.024307874401641612 0.007894118003879338 0.646463146709743 -0.0002055002428527587 0.03486679077858219 0.6462576464668833 0.024831144283199196
2.0 0.36 0.0 0.010780273923952395 0.020681936585944395    3.59 200.7    0.   200.27  12.3    3.7   0.03102538182261784 0.009615038074333582 0.6333735202091896 -7.577162945235614e-05 0.04180565574448629 0.6332977485796542 0.03071446910355468
2.0 0.4 0.0 0.009579122803299348 0.01877941976428877    3.64 201.37   0.   199.59  15.13   3.65  0.03729577963406088 0.013457098652170436 0.627894257493411 -1.936051240300003e-05 0.04687490243402487 0.6278748969809227 0.032901276780192834
2.0 0.0 0.0 0.010812318727339332 0.006640997163875849    3.7  197.68   0.   199.91   0.     3.68  7.327495647283892e-13 -3.79562455539902e-14 0.6349567802349082 4.2687544756699934e-05 0.010812318726728457 0.6349994677797282 0.006640997163940361
2.0 0.04 0.0 0.010346017937608788 0.008010276039367879    3.77 198.72   0.   200.09   0.     3.78  0.0006465586880639724 0.0004428992060218055 0.6342898615312997 -1.5083902152218797e-05 0.01099257662641309 0.6342747776290846 0.00847338117899441
2.0 0.08 0.0 0.012040400445129126 0.008618325089623187    3.82 196.94   0.   199.81   0.     3.88  0.0019762466339932265 0.0009814505494484063 0.6389341944994521 -0.00011443936229212946 0.014016647082324321 0.6388197551371376 0.009600523909402544
2.0 0.12 0.0 0.008430483636298716 0.009103959626161668    3.7  198.13   0.   199.68   1.03   3.73  0.0029640912574119887 0.0015013142639305444 0.6307015140420252 4.332455148311662e-05 0.011394574894247368 0.6307448385934924 0.010627146212359731
2.0 0.16 0.0 0.009470553290968322 0.008387719922809386    3.59 197.38   0.   198.61   2.23   3.69  0.006508707360006459 0.002168962827021945 0.6193200382053764 5.039034343462844e-05 0.015979260648190267 0.6193704285488862 0.010646463484611497
2.0 0.2 0.0 0.009103081546155408 0.009508842716144075    3.78 197.34   0.   198.93   3.71   3.73  0.009708168597678134 0.003831571199054027 0.6433119131549029 7.691133343754093e-05 0.018811250144396156 0.6433888244883386 0.013599413930267595
2.0 0.24 0.0 0.011756051887896137 0.014273274814601125    3.76 198.57   0.   198.74   5.48   3.72  0.01307812063356408 0.005151319655013927 0.6371831451421703 6.335291818935122e-05 0.024834172527358166 0.6372464980603872 0.01949114172405243
2.0 0.28 0.0 0.010041040604277442 0.014077238686741598    3.76 198.93   0.   198.7    7.41   3.73  0.021247066996527973 0.00783461381997519 0.6406803903144251 5.2801954185209366e-05 0.03128810760314664 0.6407331922685092 0.021898588658515048
2.0 0.32 0.0 0.009708050911352257 0.015648476924641847    3.67 199.31   0.   199.03   9.69   3.64  0.024213273527848588 0.008340024362453307 0.6235874943060674 3.316858849866549e-05 0.03392132443990704 0.6236206628945703 0.024229466828509853
2.0 0.36 0.0 0.011739804720347151 0.01737862995914699    3.75 201.15   0.   200.52  12.31   3.75  0.030900461540894746 0.01149620328768718 0.638703442196354 3.816949881511391e-05 0.04264026626077017 0.638741611695214 0.02901640061494678
2.0 0.4 0.0 0.012203883737087622 0.0199346145767875    3.72 202.13   0.   200.12  15.28   3.68  0.03494378683857952 0.012462101203794675 0.63812429083483 3.441038161921218e-05 0.04714767057729368 0.6381587012164373 0.032551768760697083
2.0 0.0 0.0 0.010185579314298714 0.006544673373105312    3.7  197.23   0.   198.42   0.     3.68  -1.8084392650052905e-12 2.6799777212242284e-14 0.6421584821516563 0.00011128589766134002 0.01018557931625231 0.6422697680492778 0.006544673373121137
2.0 0.04 0.0 0.009107060712148085 0.0071967411662817535    3.76 197.95   0.   199.29   0.     3.79  0.0008173981023748638 0.00026835768176861166 0.6387080613489489 -6.590992690144049e-06 0.009924458816118325 0.6387014703561726 0.0074537111092552845
2.0 0.08 0.0 0.010717195257742788 0.007037708444296367    3.66 196.43   0.   198.2    0.     3.73  0.00174000258267503 0.0004208367852086061 0.6283169202085247 4.054075475014542e-05 0.012457197841724579 0.6283574609633532 0.007472768352208975
2.0 0.12 0.0 0.00983008588840524 0.008884064312964074    3.67 197.35   0.   197.71   1.03   3.63  0.0033686024591777822 0.0011695210961685612 0.6445503230316113 6.447970888669563e-05 0.013198688351026189 0.6446148027404511 0.01004079562824251
2.0 0.16 0.0 0.01081040674823289 0.009785015998499269    3.66 197.52   0.   198.66   2.19   3.68  0.006513230910528424 0.0037884456851629998 0.6375939143876208 -4.6860069338193467e-05 0.017323637659460173 0.6375470543183543 0.013612922877473467
2.0 0.2 0.0 0.011010492418399796 0.011779272353190026    3.7  197.57   0.   197.89   3.69   3.75  0.010489215562427672 0.003635206430877527 0.6313684147443124 6.333871343395004e-05 0.021499707982353598 0.6314317534577752 0.015521985061579108
2.0 0.24 0.0 0.008892239054074769 0.012886917149115593    3.68 198.65   0.   198.23   5.41   3.76  0.012853360191002017 0.004953302934743381 0.6357340306683459 -3.213358244211122e-05 0.021745599237201776 0.6357018970860229 0.017902650255828725
2.0 0.28 0.0 0.010448334721185408 0.013766813537567212    3.67 198.45   0.   197.96   7.49   3.65  0.01913492232241406 0.005840996710314963 0.6255815152254692 -8.387982018696977e-06 0.029583257040055714 0.6255731272434206 0.019642508719850835
2.0 0.32 0.0 0.01214019129688307 0.017143339874876803    3.67 198.1    0.   198.15   9.9    3.71  0.02697951093600265 0.010201172682971568 0.6305747726148142 -7.534619076371503e-05 0.039119702225662696 0.6304994264240201 0.02705261141959139
2.0 0.36 0.0 0.010492675925863539 0.01614252189645    3.72 201.79   0.   200.56  12.08   3.7   0.030202744327397335 0.010296767756496168 0.6375924359792877 -3.7369492063650494e-05 0.04069542025405935 0.6375550664872484 0.026610180611836284
2.0 0.4 0.0 0.007919149146429421 0.01635088695360458    3.62 200.93   0.   199.11  14.84   3.65  0.03635136919077425 0.013917919825372702 0.6274107974295814 -1.9386302580824122e-05 0.04427051833473209 0.6273914111270594 0.03060967437190714
2.0 0.0 0.0 0.01058549830941253 0.006021177553575156    3.75 196.1    0.   197.93   0.     3.7   -5.299322462330262e-14 1.6370904631912708e-15 0.6352920602195 -5.4930949675690495e-05 0.010585498309508088 0.6352371292698145 0.006021177553560119
2.0 0.04 0.0 0.007811616176526574 0.004920607453551808    3.68 198.19   0.   199.02   0.     3.76  0.00013666689609466022 9.073949248765226e-05 0.6234404748879288 -8.392562666164546e-05 0.007948283069822476 0.6233565492613535 0.005011189685024389
2.0 0.08 0.0 0.01111560206249275 0.007344402289841914    3.56 196.62   0.   197.51   0.     3.51  0.0008869028164832949 0.0004945754126036869 0.6151184479596182 6.854874577802548e-05 0.012002504874554627 0.615186996705376 0.007903815337480288
2.0 0.12 0.0 0.009948362574644548 0.008155259588195863    3.7  195.96   0.   198.06   1.02   3.71  0.00437661065529143 0.0012795015551260198 0.6203364752732845 6.563891370212028e-05 0.014324973231633826 0.6204021141869328 0.00949643618418122
2.0 0.16 0.0 0.01061854397250269 0.00944078628603244    3.66 197.81   0.   199.15   2.21   3.67  0.006428612416999507 0.0020285165127412255 0.6252162960142177 -6.722474181254559e-05 0.017047156392370137 0.6251490712724254 0.011594029749048787
2.0 0.2 0.0 0.013210450926945245 0.013233507258869273    3.75 197.46   0.   199.1    3.8    3.75  0.008738582136784074 0.0032577192199410394 0.6248588990576677 -4.7540310159759735e-05 0.021949033060818572 0.6248113587474673 0.01628265382060951
2.0 0.24 0.0 0.009739919309484079 0.01245268401467086    3.65 197.66   0.   198.41   5.49   3.67  0.016176646416549558 0.00570167377952536 0.6334134835598908 3.4692709921485705e-05 0.02591656572903921 0.6334481762698766 0.01819919465899887
2.0 0.28 0.0 0.009793338684016634 0.013030487421163101    3.68 199.17   0.   199.06   7.69   3.75  0.020220047402321566 0.007345921044519856 0.6286933996109988 -4.1025017811807626e-05 0.030013386091408877 0.6286523745931564 0.020548270416836385
2.0 0.32 0.0 0.011030343150218686 0.016577706730839234    3.7  199.75   0.   199.67   9.93   3.74  0.025652620904775596 0.008780831116666499 0.6315116614810593 -0.00011796263443975477 0.03668296405648386 0.6313936988466236 0.025479200778530987
2.0 0.36 0.0 0.009495788018945132 0.016846978874902923    3.65 202.12   0.   200.26  12.36   3.62  0.029003422394637896 0.010942827132040535 0.630494589287448 -5.3963855264798136e-05 0.03849921041576478 0.630440625432191 0.028119787428517395
2.0 0.4 0.0 0.011012365274571312 0.01953444407724728    3.77 202.15   0.   199.38  14.83   3.73  0.040164315421105976 0.014365888799804938 0.6432934761954653 8.587861039462344e-05 0.051176680692095765 0.6433793548058794 0.034191894462982236
2.0 0.0 0.0 0.008447389269743264 0.003036075424037032    3.74 195.75   0.   197.32   0.     3.68  -5.023442402792474e-13 9.64064383879304e-15 0.6216542306774154 -1.4638287836290451e-05 0.008447389270172426 0.6216395923896467 0.003036075424078323
2.0 0.04 0.0 0.00912568765365407 0.006141762312840789    3.75 196.85   0.   197.95   0.     3.76  0.0005053114955376562 0.0002760907796772396 0.6448195320566125 3.1972160403286876e-05 0.009630999150943656 0.6448515042170986 0.006439582022152778
2.0 0.08 0.0 0.009235542617320607 0.006506227200997879    3.8  196.97   0.   199.05   0.     3.74  0.0012366014165005254 0.0004058470791243962 0.6398350633302131 3.6778172983758854e-05 0.010472144036508447 0.6398718415030833 0.006863238672842877
2.0 0.12 0.0 0.008959949921032783 0.008757785104532075    3.75 197.23   0.   198.64   1.04   3.72  0.0045744443078083955 0.001983320820249476 0.6173841871615919 5.002461586227582e-05 0.01353439422829724 0.6174342117774397 0.010769881835780688
2.0 0.16 0.0 0.010937968510091134 0.010186703461651693    3.71 198.46   0.   198.57   2.2    3.73  0.006777306517905346 0.0019572655667587243 0.641282377464689 -5.693796109165608e-05 0.017715275029448096 0.6412254395036209 0.012153949789107355
2.0 0.2 0.0 0.007181019865218635 0.008178168726782434    3.67 197.3    0.   199.06   3.68   3.69  0.01070519190587426 0.005441326161981184 0.6247574516927774 -1.992109080171455e-05 0.0178862117712774 0.6247375306019863 0.013729865906990745
2.0 0.24 0.0 0.008974009257626859 0.011911332055692036    3.62 198.24   0.   198.9    5.38   3.71  0.013568955426582879 0.00447495197625188 0.6272248435816606 -8.385960605052484e-05 0.022542964687154138 0.6271409839755525 0.01651993263339197
2.0 0.28 0.0 0.008280365887891154 0.012472774122699776    3.73 199.23   0.   198.76   7.4    3.75  0.018904138258617722 0.007548996209685902 0.6231020061650872 -1.8027953819485747e-05 0.02718450414539196 0.6230839782113076 0.020259272114401147
2.0 0.32 0.0 0.009076693073012756 0.014721184030950279    3.73 199.77   0.   199.2    9.85   3.74  0.025361915503981862 0.00915488021250979 0.6313418484249144 -1.6932324856801037e-06 0.034438608574533645 0.631340155192399 0.02390451605822697
2.0 0.36 0.0 0.009912547498247234 0.017251773931724893    3.77 201.82   0.   200.4   12.29   3.75  0.035166223643671515 0.013766008755380123 0.636234626029204 -5.478306448245954e-05 0.045078771136356464 0.6361798429646118 0.031584721775084715
2.0 0.4 0.0 0.008926067896057672 0.017767268160297563    3.68 202.28   0.   200.6   15.22   3.73  0.035539265104215095 0.01280864800186373 0.6229247461453294 7.293073727366087e-05 0.044465332999298696 0.622997676882478 0.030867931704935108
2.0 0.0 0.0 0.01078456137936931 0.006562734265557204    3.72 197.37   0.   198.1    0.     3.74  5.337521239804725e-13 3.42576337667803e-14 0.6401781583919106 -2.276999537340695e-05 0.01078456137896513 0.6401553883964609 0.006562734265621717
2.0 0.04 0.0 0.011481762459129762 0.006678246345424426    3.75 196.77   0.   198.48   0.     3.66  0.00017175018599943238 0.0001633464854991568 0.6289735052822951 -4.321119377988604e-05 0.011653512646311719 0.6289302940885871 0.006831669112073481
2.0 0.08 0.0 0.012585417636551454 0.008674668177147274    3.76 196.91   0.   197.89   0.     3.73  0.0013829895619419405 0.0008897077263348061 0.6236865624295657 -2.0377034210954055e-05 0.013968407197636286 0.6236661853953049 0.009671176687302918
2.0 0.12 0.0 0.010841264138156718 0.010211927372114406    3.73 197.63   0.   199.47   1.02   3.69  0.0035370450743846355 0.0017057986820912146 0.6302342248120191 8.423832914177184e-05 0.014378309211171048 0.6303184631411375 0.011934493788891632
2.0 0.16 0.0 0.009039566769836164 0.008950773127849365    3.75 198.21   0.   199.19   2.15   3.67  0.005592622746019575 0.002748445814491667 0.6359861411335319 4.482185251011591e-06 0.014632189519570966 0.6359906233188147 0.011668046135726034
2.0 0.2 0.0 0.00915963766577394 0.01046308137343282    3.68 199.09   0.   200.29   3.73   3.62  0.011286263871976674 0.004427031738675698 0.6305068686943797 -8.520931005399083e-05 0.02044590153695038 0.6304216593843296 0.01480985850305454
2.0 0.24 0.0 0.009772779315510644 0.011422722457386044    3.63 198.58   0.   199.14   5.52   3.66  0.014038296385130222 0.004667504791232023 0.6391427796327901 -0.0001600610733363889 0.02381107569859499 0.638982718559351 0.01633744338403388
2.0 0.28 0.0 0.008999948336231803 0.012439459063118679    3.67 199.89   0.   200.11   7.5    3.68  0.020983615674965584 0.010719823606583363 0.6385464223142291 1.7166741261219914e-05 0.02998356401128961 0.6385635890555192 0.02330244301262683
2.0 0.32 0.0 0.009216712851455243 0.013919220781775522    3.71 199.34   0.   199.96   9.71   3.66  0.0255643431997419 0.011307064993872155 0.6417880054606704 2.8174826766129017e-05 0.034781056051232856 0.6418161802874747 0.025639906332482372
2.0 0.36 0.0 0.009293161963927075 0.018217006974125857    3.62 200.2    0.   199.75  12.29   3.62  0.029255931614787914 0.010426838007466056 0.6271189841751246 0.0001099075960782405 0.0385490935739302 0.6272288917712073 0.029223217211196608
2.0 0.4 0.0 0.010223066135645907 0.021516563905644215    3.7  201.41   0.   199.61  14.88   3.73  0.04346937152694433 0.014794405646807658 0.6388724571722502 -5.9423698735372456e-05 0.05369243766367048 0.6388130334734747 0.03674644104258672
2.0 0.0 0.0 0.01050753199442479 0.005007000826944264    3.66 195.8    0.   197.29   0.     3.68  5.70859507812808e-13 -7.154691653947035e-15 0.621212413822231 3.565037824009778e-05 0.01050753199391608 0.6212480642004787 0.0050070008269653046
2.0 0.04 0.0 0.006852981665452899 0.004432159296574597    3.61 197.2    0.   198.56   0.     3.61  0.000576163828226466 0.00014456724812759298 0.6232235738842663 -4.501800176270384e-05 0.007429145501774595 0.6231785558825504 0.004597361783185382
2.0 0.08 0.0 0.010041895982897524 0.006504586799290944    3.75 196.91   0.   198.85   0.     3.75  0.0022878901256403574 0.0008137335404782184 0.627107172559134 1.8602822504666012e-05 0.01232978611002521 0.6271257753816021 0.007291287974769512
2.0 0.12 0.0 0.008744145096966045 0.007540640734948465    3.75 197.75   0.   198.57   1.03   3.68  0.0044427765389845565 0.0015107870220968228 0.6248922924239926 -2.572748149699085e-06 0.013186921639883926 0.6248897196759148 0.009071592641467457
2.0 0.16 0.0 0.009660385038495405 0.008556016445147543    3.61 197.28   0.   198.22   2.25   3.68  0.007689318778880504 0.0026141062302544016 0.6192725427340833 3.184056462772181e-05 0.017349703820837264 0.6193043832986169 0.011167207461965154
2.0 0.2 0.0 0.009772441548648385 0.010834419992276769    3.7  198.34   0.   199.28   3.67   3.78  0.011581747901375092 0.004586284541303212 0.6385246216936521 2.7802813315853812e-05 0.02135418944946784 0.6385524245070059 0.015328081548793003
2.0 0.24 0.0 0.009425984256638245 0.010562136068884682    3.61 198.45   0.   198.13   5.53   3.66  0.013178443350516864 0.006173306654710602 0.6110567096860259 8.600307698167549e-05 0.022604427602901465 0.6111427127630378 0.01685893834061135
2.0 0.28 0.0 0.011258777659037877 0.0136005076678029    3.63 198.7    0.   198.4    7.57   3.71  0.02195140784687331 0.00798159968240167 0.6158906635152658 6.370288378802797e-05 0.03321018550676029 0.6159543663990207 0.021729079899541346
2.0 0.32 0.0 0.010599189089237309 0.015891228267323216    3.72 200.84   0.   200.14   9.89   3.72  0.02613192043253039 0.009708208485244238 0.6297084166354041 1.0885491523549718e-05 0.0367311095190517 0.6297193021268966 0.025676013269356313
2.0 0.36 0.0 0.00917352606901301 0.015887687992456084    3.73 200.2    0.   199.    12.37   3.81  0.03628374745410237 0.014689145698163581 0.6399204742238049 -8.375649672361759e-05 0.0454572735192082 0.6398367177271137 0.03100208867591282
2.0 0.4 0.0 0.009260221636181813 0.018319986437967783    3.7  201.21   0.   200.51  15.18   3.77  0.04227337730651992 0.015526621218048847 0.6256422174597944 -3.0732826655973136e-06 0.05153359894372903 0.6256391441771849 0.034122472738630914
2.0 0.0 0.0 0.011514451051170908 0.006683466993870934    3.74 195.67   0.   196.67   0.     3.59  -3.04680725093931e-13 3.4742697607725857e-14 0.6272723884467537 9.385109831540224e-05 0.011514451051550712 0.6273662395450676 0.006683466993905918
2.0 0.04 0.0 0.009828998267076106 0.006137565199914933    3.69 196.61   0.   198.28   0.     3.71  0.0006526246709094872 0.0002312784850647707 0.6196317876841929 1.3690752575287962e-05 0.010481622932771401 0.6196454784368034 0.006399645684965556
2.0 0.08 0.0 0.009580276276406403 0.007367913845207597  3.6200e+00 1.9603e+02 0.0000e+00 1.9775e+02 1.0000e-02 3.6800e+00  0.0020146089409014776 0.0005712048434723328 0.6281201284759589 9.38805453596918e-05 0.011594885215706383 0.6282140090213355 0.007957141373467553
2.0 0.12 0.0 0.011646255646203583 0.009312899510137989    3.75 197.12   0.   199.22   1.07   3.68  0.0035668195785186984 0.0014382807053358797 0.6344757850412764 5.845485730308913e-05 0.015213075228414889 0.6345342398986864 0.010803549944157081
2.0 0.16 0.0 0.009448947672142095 0.008308144915918334    3.7  198.06   0.   199.59   2.26   3.67  0.006473949718546463 0.002699364691810539 0.6396788355258056 5.8963309052827144e-05 0.015922897393902166 0.6397377988348292 0.01094858031444734
2.0 0.2 0.0 0.009541773729936844 0.010705825830118677    3.77 197.48   0.   198.54   3.75   3.74  0.010698300614042273 0.004074541109172242 0.6301320892347491 4.3686741824179384e-05 0.02024007434680534 0.6301757759765614 0.014899001557106868
2.0 0.24 0.0 0.012786104889144674 0.01472413913468366    3.69 198.01   0.   197.83   5.49   3.68  0.015116408863570118 0.005440456515178084 0.6377938178465316 1.98873197391246e-05 0.02790251375534838 0.6378137051662803 0.020395272222809457
2.0 0.28 0.0 0.010924335729853797 0.014170775193216712    3.66 198.72   0.   198.81   7.6    3.62  0.018222697647198402 0.006837591319849282 0.6386950844686232 0.00010426673030342499 0.029147033377699822 0.6387993511988307 0.021265883818193713
2.0 0.32 0.0 0.01030361583359269 0.014930180268728025    3.66 199.61   0.   199.64   9.87   3.67  0.025168836498661404 0.009173071101633226 0.6319103059508011 7.706100770731913e-05 0.03547245232970066 0.6319873669584806 0.024038288284596396
2.0 0.36 0.0 0.009828582260064165 0.01611838443104995    3.79 201.6    0.   199.42  12.24   3.74  0.03325498709795192 0.012853376426443842 0.638647955598347 -2.7363211128007e-05 0.04308356935412048 0.63862059238723 0.029484877330365755
2.0 0.4 0.0 0.012219080111477524 0.02126270154464473    3.58 203.59   0.   199.94  15.34   3.67  0.04004717497832632 0.014858692129816458 0.6307917150106381 8.453825110767259e-05 0.05226625508909056 0.6308762532617237 0.0367020746935017
2.0 0.0 0.0 0.009367175268618848 0.005648336816545331    3.67 195.51   0.   197.27   0.     3.7   2.069221712493648e-12 -4.608106488982836e-15 0.6278452164404132 4.30591340886167e-05 0.009367175266559086 0.627888275574432 0.00564833681655012
2.0 0.04 0.0 0.009658682011950744 0.005723713229719458    3.75 197.6    0.   198.76   0.     3.68  0.00029090915803092987 4.129004652689521e-05 0.6303094373551574 5.453768447987386e-05 0.00994959117466654 0.6303639750396126 0.005733662884769243
2.0 0.08 0.0 0.010605123643100949 0.006176132405870582  3.7100e+00 1.9734e+02 0.0000e+00 1.9922e+02 1.0000e-02 3.6800e+00  0.0013977394601096117 0.0009664615548845782 0.6229382521886051 7.043315231579375e-05 0.012002863104106655 0.623008685340987 0.007184734200813666
2.0 0.12 0.0 0.00779851156470789 0.005816353419071917    3.6  197.55   0.   198.69   1.01   3.62  0.0023015284549139326 0.0007422986975982591 0.6392813013393016 0.00015079766269651977 0.010100040020550174 0.6394320990020617 0.006697346694143197
2.0 0.16 0.0 0.010154431574935492 0.009476279217346867    3.75 198.7    0.   199.87   2.16   3.82  0.006736282607251512 0.0027259247501150337 0.6275671341872384 -4.978126947353303e-05 0.016890714181472626 0.6275173529178535 0.012247389256367265
2.0 0.2 0.0 0.00980075337493375 0.009413671688000917    3.65 197.61   0.   198.75   3.65   3.7   0.00741980475683631 0.0018441744581547024 0.6306187828757448 -9.22104557818481e-05 0.0172205581321649 0.6305265724198161 0.011331808262566119
2.0 0.24 0.0 0.00866394207169457 0.01177745680382274    3.65 198.35   0.   198.91   5.44   3.66  0.01490750686152569 0.006148691016728056 0.623797268926946 -5.5588122367043985e-05 0.023571448928638952 0.6237416808046121 0.0179529433922984
2.0 0.28 0.0 0.010882176757752616 0.014527783758016692    3.74 199.33   0.   199.76   7.4    3.7   0.021839847246407893 0.008508931178786285 0.6229189406568822 1.3478531067509418e-05 0.0327220240001215 0.6229324191880542 0.023386968920544073
2.0 0.32 0.0 0.008998710321712799 0.014031341899993095    3.8  200.04   0.   199.02   9.73   3.7   0.025092659761154636 0.008915372694995009 0.6235699204637379 0.00011124208812949898 0.034091370083039384 0.6236811625518658 0.02298170766539721
2.0 0.36 0.0 0.010973305846466913 0.019450474368650248    3.66 201.12   0.   200.72  12.37   3.66  0.034026443059344456 0.012032527385194468 0.6177307878034152 -1.2470105943369465e-05 0.044999748903867653 0.6177183176974752 0.031854329633856225
2.0 0.4 0.0 0.008045601994220183 0.01768898186795965    3.75 202.09   0.   200.06  14.56   3.73  0.043121732400381675 0.015364856870892011 0.6293704680949703 3.9875495820888314e-05 0.05116733440290712 0.6294103435908774 0.033414398150795985
2.0 0.0 0.0 0.011245693628956966 0.006338029892941813    3.67 195.73   0.   197.58   0.     3.66  8.322482851023475e-13 -2.328306436538696e-14 0.6235949694725907 -1.8886024440325853e-05 0.011245693627922809 0.6235760834480272 0.006338029892960791
2.0 0.04 0.0 0.009232073292732396 0.004920843225837537    3.69 197.61   0.   199.16   0.     3.65  0.00034558871741555776 0.00014049263592872497 0.6247589369534837 -1.7483107090023015e-05 0.009577662014684393 0.6247414538463903 0.005054257117738841
2.0 0.08 0.0 0.010830172415212837 0.007753706203765857    3.69 196.83   0.   198.1    0.     3.75  0.0018007640174257176 0.0006719963809118174 0.6280618920107981 -5.064686333007558e-05 0.012630936429668024 0.628011245147568 0.008425514540778386
2.0 0.12 0.0 0.009688174806159985 0.008297226627267264    3.75 196.29   0.   197.23   1.01   3.7   0.00378463942406197 0.0017036230437442402 0.632498265635245 -6.599250899368295e-06 0.01347281423007189 0.6324916663843282 0.010002276364381031
2.0 0.16 0.0 0.01001303004151523 0.008214511933326443    3.73 196.96   0.   198.18   2.21   3.75  0.005014839022143436 0.0022741888915724 0.6172162668389887 -1.393261201549952e-05 0.015027869061530147 0.6172023342269995 0.010321090899260768
2.0 0.2 0.0 0.011147725076804029 0.011645318493035423    3.67 198.51   0.   199.39   3.71   3.78  0.010635698170421771 0.003371887587753372 0.6426286738516293 -6.447091999622594e-05 0.021783423244459484 0.642564202931608 0.015116358097045425
2.0 0.24 0.0 0.009627334420102851 0.010025772195081542    3.73 197.98   0.   198.15   5.49   3.67  0.012010825360806667 0.004626931555957708 0.6296108078705079 7.419525048001863e-05 0.021638159777654434 0.6296850031209108 0.014602399639169013
2.0 0.28 0.0 0.011761472619196744 0.013361152116776428    3.71 199.89   0.   199.16   7.51   3.71  0.018131212723712996 0.008464921997043046 0.6270214776898093 -6.514565995378991e-05 0.029892685340359455 0.6269563320297661 0.021741775515129846
2.0 0.32 0.0 0.00907954978088607 0.013578535324983144    3.72 199.58   0.   199.32   9.64   3.67  0.02560665459390099 0.008795533905716971 0.622099897204252 0.00011998148291695542 0.03468620437064213 0.622219878687146 0.022642988928790752
2.0 0.36 0.0 0.009825702934196366 0.016075169206784874    3.73 201.07   0.   199.37  12.36   3.69  0.032152455370250445 0.010861922775203857 0.6277898135192159 1.6071004679906764e-05 0.041978158303380884 0.6278058845239147 0.027003212847991623
2.0 0.4 0.0 0.01052998563410941 0.01679736522358374    3.7  203.01   0.   200.14  15.12   3.68  0.037522932180348474 0.015838507311619652 0.6351305317437207 1.8131003460863818e-05 0.04805291781335339 0.6351486627471938 0.033032154645494666
