-4.0 -0.0 0.03321579943878187 0.013510226455842347 0.03321579943815887 0.013510226455925296 0.6715897735511045 12.98 206.78 0.0 210.63 0.0 12.97
-4.0 -1.0 0.03181496977871927 0.01745691109942151 0.035684161728022086 0.019083032525977615 0.6879000753945075 14.07 207.96 0.0 212.14 0.84 14.07
-4.0 -2.0 0.05558819243747197 0.040471253403769156 0.06935960430292676 0.04571009324883962 0.7156777973967757 19.27 210.75 0.0 218.36 6.26 19.34
-4.0 -3.0 0.07246490618488417 0.07071112794088766 0.11422229940022141 0.0902507031562794 0.7600700374949924 24.32 215.67 0.0 225.26 15.03 24.47
-4.0 -4.0 0.06668507544014658 0.08275822124214871 0.13974058011113885 0.11620269160996032 0.7569514910853724 23.38 219.51 0.0 229.28 23.59 23.28
-4.0 -5.0 0.030784076797019524 0.04455983546727693 0.08580219578964206 0.06899448969948668 0.7011844935402421 11.09 213.12 0.0 214.74 19.01 11.25
-4.0 -6.0 0.009184129693306021 0.016864455851812208 0.041028798091629744 0.02920300243596248 0.6619877804287799 3.16 207.1 0.0 204.98 11.69 3.23
-4.0 -0.0 0.03345834435549792 0.013589047613022617 0.03345834435303987 0.01358904761299297 0.6665155342996859 12.94 208.3 0.0 212.04 0.0 12.87
-4.0 -1.0 0.03994487005984441 0.022915896654807935 0.044410613291504704 0.025010763125199204 0.6988097193815856 15.03 208.64 0.0 213.24 1.08 15.05
-4.0 -2.0 0.04905171610891479 0.035619999783460296 0.06491725788647515 0.04344878710160592 0.7159705124723469 19.33 211.39 0.0 219.24 6.01 19.18
-4.0 -3.0 0.06732451278190645 0.06719474761604882 0.11237119161200064 0.08946892727107988 0.7335473868524937 24.18 216.0 0.0 225.82 14.9 24.2
-4.0 -4.0 0.06752080379478902 0.08512436233223512 0.13731732606141037 0.11498349257476911 0.776154654125285 23.48 219.5 0.0 229.68 23.2 23.56
-4.0 -5.0 0.028426428374959928 0.04168350479348652 0.08223746048106464 0.06255358418334132 0.6832549037397336 10.58 213.13 0.0 214.23 18.69 10.75
-4.0 -6.0 0.008904655485394687 0.015869110275398394 0.04133304420566953 0.02633831604520698 0.6644504604508533 2.88 205.66 0.0 204.82 10.95 3.03
-4.0 -0.0 0.036021808112059565 0.014826911153898316 0.03602180811290928 0.014826911153925173 0.6813776151281875 13.3 206.57 0.0 210.43 0.0 13.29
-4.0 -1.0 0.037987368707477494 0.020627946517946475 0.04078508680362635 0.021854726106622428 0.6859253710087786 14.5 208.05 0.0 212.84 1.01 14.51
-4.0 -2.0 0.059121415806249446 0.045348680298645985 0.076336981421626 0.0535284444280364 0.7183838452822675 19.09 211.48 0.0 219.54 6.32 19.14
-4.0 -3.0 0.06752030028517493 0.06560470110650829 0.10464668548293109 0.08432128809033977 0.7421887237403711 23.46 215.47 0.0 226.56 14.88 23.34
-4.0 -4.0 0.06452887835951339 0.07940137615064728 0.13097823171767753 0.11164159756674756 0.7495696336708837 23.5 220.55 0.0 229.83 23.39 23.47
-4.0 -5.0 0.03176353419574855 0.0476781768807267 0.08599018064094974 0.06937457222777266 0.7007715942441762 11.65 215.22 0.0 217.24 19.73 11.77
-4.0 -6.0 0.008697614783838738 0.015100993732994235 0.036053743200604726 0.024438438327984233 0.6482905195719417 2.71 204.51 0.0 202.56 10.84 2.71
-4.0 -0.0 0.03214251361290086 0.017622680978125815 0.03214251361086935 0.01762268097817711 0.6733966521949694 12.74 206.51 0.0 209.96 0.0 12.76
-4.0 -1.0 0.038591862606818725 0.021582012812318436 0.04128360698890817 0.023207959570720655 0.6971903280912836 14.38 208.06 0.0 212.69 1.11 14.32
-4.0 -2.0 0.05083343826830102 0.036689589386943285 0.06547088565823117 0.04388564271304385 0.7078913686489415 18.22 211.39 0.0 216.83 5.83 18.13
-4.0 -3.0 0.06615682595654379 0.06519361122168447 0.10942007851422689 0.08581604178989062 0.7343735492780478 23.67 215.68 0.0 225.63 14.78 23.91
-4.0 -4.0 0.06632557086081659 0.08008013699805815 0.1340093324860022 0.11060820396782654 0.744174085618034 22.78 218.45 0.0 227.82 22.87 22.82
-4.0 -5.0 0.031748959731158294 0.045509800593320444 0.08322864923711434 0.06743529669732234 0.7022055968964708 10.8 212.62 0.0 215.49 19.17 11.08
-4.0 -6.0 0.008133376512174738 0.015478701450961127 0.03376446339685729 0.02310520293319702 0.6607770157184044 2.7 205.28 0.0 203.99 11.1 2.7
-4.0 -0.0 0.03334863920827665 0.014613422147669673 0.033348639209832255 0.014613422147677314 0.6801089176214645 13.01 206.34 0.0 209.54 0.0 13.09
-4.0 -1.0 0.0376285754664849 0.020489943747053017 0.04115682297266018 0.022333161890758735 0.6936167253551323 14.95 208.13 0.0 213.14 0.99 15.03
-4.0 -2.0 0.05240012829149091 0.040131829976460844 0.06833634518991469 0.04786081812759621 0.6937061285632408 18.08 210.5 0.0 217.29 6.07 18.24
-4.0 -3.0 0.05982757707980265 0.06443827735674415 0.10114774332579121 0.08424953493277475 0.7367435368254739 22.93 215.98 0.0 226.25 14.24 22.79
-4.0 -4.0 0.06150197873401642 0.07298367230673411 0.12787041040207442 0.10504591223333228 0.7490976646714876 22.68 220.4 0.0 229.43 22.96 22.62
-4.0 -5.0 0.030405145590304345 0.04617052429691097 0.08094920060990396 0.06501326940570602 0.7168891033861335 10.55 214.21 0.0 215.6 18.71 10.51
-4.0 -6.0 0.007275264980790355 0.014092825120166103 0.0322973789212397 0.022108940314989865 0.6627980894939829 2.71 207.67 0.0 204.59 11.4 2.75
-4.0 -0.0 0.034295338530557155 0.01780603446441461 0.03429533853097212 0.01780603446437866 0.6764578329737893 12.79 206.02 0.0 209.85 0.0 12.85
-4.0 -1.0 0.03335075824748165 0.017855664043158987 0.03641413214905564 0.01906615421463733 0.6972767312043989 14.58 208.46 0.0 213.95 0.93 14.62
-4.0 -2.0 0.048047085558147164 0.03524126873459154 0.06307221147132332 0.041636487560721074 0.706483568661667 18.34 211.56 0.0 218.53 5.92 18.36
-4.0 -3.0 0.06975429356338803 0.0689464745590516 0.10880903460094063 0.08793468577385052 0.7459506565624614 24.06 214.63 0.0 225.36 14.99 24.13
-4.0 -4.0 0.06566006413767421 0.08320570508882731 0.1345360386809651 0.1156358921933291 0.7599401904257543 22.8 220.75 0.0 228.84 23.52 23.18
-4.0 -5.0 0.028768597066537158 0.04436497885661665 0.08150334771927022 0.06715721904550276 0.7010588247512248 11.08 213.55 0.0 216.27 19.35 11.16
-4.0 -6.0 0.00922978520183624 0.017606172776372477 0.04211990015774839 0.029168478952169726 0.6625168164893587 2.77 207.27 0.0 205.65 11.46 2.94
-4.0 -0.0 0.03199215337929169 0.015160776155417869 0.0319921533789687 0.015160776155423931 0.6674292300801004 12.41 206.82 0.0 210.67 0.0 12.4
-4.0 -1.0 0.035760933772805155 0.020032057272532013 0.03973279991600684 0.021661527369384443 0.7022250017747531 14.74 209.38 0.0 214.11 1.03 14.98
-4.0 -2.0 0.04967757579498095 0.037937373104804585 0.06143754766912013 0.04375336827377856 0.7202961812262132 18.22 211.25 0.0 217.57 5.88 18.09
-4.0 -3.0 0.06758943872578911 0.06630204265521121 0.1062416734296215 0.08221290266641783 0.7408619812209378 23.7 216.4 0.0 226.47 14.53 23.79
-4.0 -4.0 0.06731298004686147 0.08209435341157804 0.12985654597434357 0.10934392802513611 0.7562723753487037 23.13 219.44 0.0 228.77 22.59 22.87
-4.0 -5.0 0.03694304293212159 0.051867512018709205 0.08789199863597581 0.07337547266638855 0.714288539112633 11.21 214.59 0.0 216.09 19.46 11.38
-4.0 -6.0 0.007844998598672584 0.012843205310362647 0.03469434315613216 0.02349155308808258 0.6600438869806072 3.06 206.89 0.0 206.09 11.22 2.88
-4.0 -0.0 0.037520600923314974 0.01365333647015074 0.03752060092401419 0.013653336470140009 0.6776186053745376 13.4 207.79 0.0 211.76 0.0 13.22
-4.0 -1.0 0.03915765230614888 0.024833541498471584 0.04259295206392235 0.026409810070602054 0.6927602485058929 14.34 207.73 0.0 213.35 1.03 14.43
-4.0 -2.0 0.0556869254293484 0.04249118307950296 0.07325274837886137 0.049767823458311856 0.7084478908736526 18.78 210.58 0.0 217.34 6.09 18.8
-4.0 -3.0 0.06250237794338706 0.06726396475971208 0.10431006740925515 0.08747309323002252 0.73952893482906 23.71 216.24 0.0 227.15 14.91 23.67
-4.0 -4.0 0.0642096168172208 0.07819179112378757 0.12935166478710863 0.10881669723375126 0.7434335126744707 22.86 219.27 0.0 229.41 23.23 23.01
-4.0 -5.0 0.030738384186366607 0.0446290348873541 0.0827026214873138 0.06881163649859202 0.7167481243303385 10.93 213.09 0.0 215.3 18.85 10.95
-4.0 -6.0 0.007698767291688879 0.014762638832655465 0.03556112498885886 0.024114575453068755 0.648096341507654 2.63 204.25 0.0 202.26 10.67 2.67
-4.0 -0.0 0.03193867520297632 0.012788158006692902 0.03193867520134748 0.012788158006682471 0.6758654012320446 12.6 205.6 0.0 208.24 0.0 12.61
-4.0 -1.0 0.03881735081074227 0.021348959083491537 0.043200985866843615 0.02305772311464401 0.6904402138320395 14.58 208.06 0.0 212.84 0.91 14.54
-4.0 -2.0 0.049189830195158414 0.03789904783509179 0.06510171825981682 0.04572325150911662 0.6901945340344393 18.07 209.81 0.0 216.74 5.82 17.95
-4.0 -3.0 0.06817574674561014 0.06991402098701147 0.1080251491774235 0.08791564291417647 0.7294565626678149 23.33 216.18 0.0 225.35 14.3 23.3
-4.0 -4.0 0.06715085794546552 0.08204537416805252 0.13289372913816175 0.11222460766575337 0.7679808092971104 23.36 220.17 0.0 230.65 23.49 23.46
-4.0 -5.0 0.03244649320141398 0.046546920432251136 0.08439565610399925 0.06885741091448035 0.6985256688745549 10.97 213.51 0.0 214.69 18.77 11.1
-4.0 -6.0 0.006971584510706332 0.011960468186701776 0.03447980246442457 0.02122830302867102 0.6547450235611094 2.66 207.19 0.0 204.21 11.17 2.72
-4.0 -0.0 0.03523800834055134 0.01690697056938055 0.035238008342852234 0.016906970569408684 0.6815581215585282 12.79 207.03 0.0 210.04 0.0 12.81
-4.0 -1.0 0.036607991654883154 0.019985299198528327 0.038817538491178256 0.020956155348835336 0.6783386007500191 14.44 207.93 0.0 212.5 0.92 14.44
-4.0 -2.0 0.05166859493784516 0.03782826505097267 0.06638559770296427 0.04540894065009197 0.7158713677981414 18.94 212.45 0.0 218.69 6.14 18.7
-4.0 -3.0 0.06733737906609495 0.06867888060577661 0.10851413274141207 0.08777568443853355 0.7347380162227116 23.69 215.39 0.0 225.2 14.74 23.9
-4.0 -4.0 0.06389652609198335 0.07500555418864309 0.12761735776302507 0.10415874366854502 0.7463624811021834 23.04 219.22 0.0 228.8 23.72 23.53
-4.0 -5.0 0.03499554508045821 0.04880129725412019 0.08678905563583877 0.07180399619305257 0.707940119193407 11.52 214.2 0.0 216.57 19.32 11.58
-4.0 -6.0 0.009740987154153238 0.01715904456384166 0.040241947933418 0.028655261240837355 0.6643724111785351 3.09 206.65 0.0 204.35 11.11 3.14
